-10 183.782 -160 60
-10 86.8912 -160 -50
-10 38.4456 -160 -105
-10 14.2228 -160 -132.5
14.2228 38.4456 -160 -132.5
-10 14.2228 -132.5 -105
14.2228 38.4456 -132.5 -105
14.2228 26.3342 -132.5 -118.75
26.3342 38.4456 -132.5 -118.75
14.2228 26.3342 -118.75 -105
14.2228 20.2785 -118.75 -111.875
20.2785 26.3342 -118.75 -111.875
14.2228 20.2785 -111.875 -105
14.2228 17.2507 -111.875 -108.438
17.2507 20.2785 -111.875 -108.438
14.2228 17.2507 -108.438 -105
17.2507 20.2785 -108.438 -105
20.2785 26.3342 -111.875 -105
20.2785 23.3064 -111.875 -108.438
23.3064 26.3342 -111.875 -108.438
20.2785 23.3064 -108.438 -105
23.3064 26.3342 -108.438 -105
26.3342 38.4456 -118.75 -105
26.3342 32.3899 -118.75 -111.875
26.3342 29.3621 -118.75 -115.313
29.3621 32.3899 -118.75 -115.313
26.3342 29.3621 -115.313 -111.875
29.3621 32.3899 -115.313 -111.875
32.3899 38.4456 -118.75 -111.875
32.3899 35.4178 -118.75 -115.313
35.4178 38.4456 -118.75 -115.313
32.3899 35.4178 -115.313 -111.875
35.4178 38.4456 -115.313 -111.875
26.3342 32.3899 -111.875 -105
26.3342 29.3621 -111.875 -108.438
29.3621 32.3899 -111.875 -108.438
26.3342 29.3621 -108.438 -105
29.3621 32.3899 -108.438 -105
32.3899 38.4456 -111.875 -105
32.3899 35.4178 -111.875 -108.438
35.4178 38.4456 -111.875 -108.438
32.3899 35.4178 -108.438 -105
35.4178 38.4456 -108.438 -105
38.4456 86.8912 -160 -105
38.4456 62.6684 -160 -132.5
62.6684 86.8912 -160 -132.5
62.6684 74.7798 -160 -146.25
74.7798 86.8912 -160 -146.25
62.6684 74.7798 -146.25 -132.5
62.6684 68.7241 -146.25 -139.375
68.7241 74.7798 -146.25 -139.375
62.6684 68.7241 -139.375 -132.5
62.6684 65.6963 -139.375 -135.938
65.6963 68.7241 -139.375 -135.938
62.6684 65.6963 -135.938 -132.5
65.6963 68.7241 -135.938 -132.5
68.7241 74.7798 -139.375 -132.5
68.7241 71.752 -139.375 -135.938
71.752 74.7798 -139.375 -135.938
68.7241 71.752 -135.938 -132.5
71.752 74.7798 -135.938 -132.5
74.7798 86.8912 -146.25 -132.5
74.7798 80.8355 -146.25 -139.375
74.7798 77.8077 -146.25 -142.813
77.8077 80.8355 -146.25 -142.813
74.7798 77.8077 -142.813 -139.375
77.8077 80.8355 -142.813 -139.375
80.8355 86.8912 -146.25 -139.375
80.8355 83.8634 -146.25 -142.813
83.8634 86.8912 -146.25 -142.813
80.8355 83.8634 -142.813 -139.375
83.8634 86.8912 -142.813 -139.375
74.7798 80.8355 -139.375 -132.5
74.7798 77.8077 -139.375 -135.938
77.8077 80.8355 -139.375 -135.938
74.7798 77.8077 -135.938 -132.5
77.8077 80.8355 -135.938 -132.5
80.8355 86.8912 -139.375 -132.5
80.8355 83.8634 -139.375 -135.938
83.8634 86.8912 -139.375 -135.938
80.8355 83.8634 -135.938 -132.5
83.8634 86.8912 -135.938 -132.5
38.4456 62.6684 -132.5 -105
38.4456 50.557 -132.5 -118.75
38.4456 44.5013 -132.5 -125.625
44.5013 50.557 -132.5 -125.625
38.4456 44.5013 -125.625 -118.75
38.4456 41.4735 -125.625 -122.188
41.4735 44.5013 -125.625 -122.188
38.4456 41.4735 -122.188 -118.75
41.4735 44.5013 -122.188 -118.75
44.5013 50.557 -125.625 -118.75
44.5013 47.5292 -125.625 -122.188
47.5292 50.557 -125.625 -122.188
44.5013 47.5292 -122.188 -118.75
47.5292 50.557 -122.188 -118.75
50.557 62.6684 -132.5 -118.75
50.557 56.6127 -132.5 -125.625
50.557 53.5849 -132.5 -129.063
53.5849 56.6127 -132.5 -129.063
50.557 53.5849 -129.063 -125.625
53.5849 56.6127 -129.063 -125.625
56.6127 62.6684 -132.5 -125.625
56.6127 59.6406 -132.5 -129.063
59.6406 62.6684 -132.5 -129.063
56.6127 59.6406 -129.063 -125.625
59.6406 62.6684 -129.063 -125.625
50.557 56.6127 -125.625 -118.75
50.557 53.5849 -125.625 -122.188
53.5849 56.6127 -125.625 -122.188
50.557 53.5849 -122.188 -118.75
53.5849 56.6127 -122.188 -118.75
56.6127 62.6684 -125.625 -118.75
56.6127 59.6406 -125.625 -122.188
59.6406 62.6684 -125.625 -122.188
56.6127 59.6406 -122.188 -118.75
59.6406 62.6684 -122.188 -118.75
38.4456 50.557 -118.75 -105
38.4456 44.5013 -118.75 -111.875
38.4456 41.4735 -118.75 -115.313
41.4735 44.5013 -118.75 -115.313
38.4456 41.4735 -115.313 -111.875
41.4735 44.5013 -115.313 -111.875
44.5013 50.557 -118.75 -111.875
44.5013 47.5292 -118.75 -115.313
47.5292 50.557 -118.75 -115.313
44.5013 47.5292 -115.313 -111.875
47.5292 50.557 -115.313 -111.875
38.4456 44.5013 -111.875 -105
38.4456 41.4735 -111.875 -108.438
41.4735 44.5013 -111.875 -108.438
38.4456 41.4735 -108.438 -105
41.4735 44.5013 -108.438 -105
44.5013 50.557 -111.875 -105
44.5013 47.5292 -111.875 -108.438
47.5292 50.557 -111.875 -108.438
44.5013 47.5292 -108.438 -105
47.5292 50.557 -108.438 -105
50.557 62.6684 -118.75 -105
50.557 56.6127 -118.75 -111.875
50.557 53.5849 -118.75 -115.313
53.5849 56.6127 -118.75 -115.313
50.557 53.5849 -115.313 -111.875
53.5849 56.6127 -115.313 -111.875
56.6127 62.6684 -118.75 -111.875
56.6127 59.6406 -118.75 -115.313
59.6406 62.6684 -118.75 -115.313
56.6127 59.6406 -115.313 -111.875
59.6406 62.6684 -115.313 -111.875
50.557 56.6127 -111.875 -105
50.557 53.5849 -111.875 -108.438
53.5849 56.6127 -111.875 -108.438
50.557 53.5849 -108.438 -105
53.5849 56.6127 -108.438 -105
56.6127 62.6684 -111.875 -105
56.6127 59.6406 -111.875 -108.438
59.6406 62.6684 -111.875 -108.438
56.6127 59.6406 -108.438 -105
59.6406 62.6684 -108.438 -105
62.6684 86.8912 -132.5 -105
62.6684 74.7798 -132.5 -118.75
62.6684 68.7241 -132.5 -125.625
62.6684 65.6963 -132.5 -129.063
65.6963 68.7241 -132.5 -129.063
62.6684 65.6963 -129.063 -125.625
65.6963 68.7241 -129.063 -125.625
68.7241 74.7798 -132.5 -125.625
68.7241 71.752 -132.5 -129.063
71.752 74.7798 -132.5 -129.063
68.7241 71.752 -129.063 -125.625
71.752 74.7798 -129.063 -125.625
62.6684 68.7241 -125.625 -118.75
62.6684 65.6963 -125.625 -122.188
65.6963 68.7241 -125.625 -122.188
62.6684 65.6963 -122.188 -118.75
65.6963 68.7241 -122.188 -118.75
68.7241 74.7798 -125.625 -118.75
68.7241 71.752 -125.625 -122.188
71.752 74.7798 -125.625 -122.188
68.7241 71.752 -122.188 -118.75
71.752 74.7798 -122.188 -118.75
74.7798 86.8912 -132.5 -118.75
74.7798 80.8355 -132.5 -125.625
74.7798 77.8077 -132.5 -129.063
77.8077 80.8355 -132.5 -129.063
74.7798 77.8077 -129.063 -125.625
77.8077 80.8355 -129.063 -125.625
80.8355 86.8912 -132.5 -125.625
80.8355 83.8634 -132.5 -129.063
83.8634 86.8912 -132.5 -129.063
80.8355 83.8634 -129.063 -125.625
83.8634 86.8912 -129.063 -125.625
74.7798 80.8355 -125.625 -118.75
74.7798 77.8077 -125.625 -122.188
77.8077 80.8355 -125.625 -122.188
74.7798 77.8077 -122.188 -118.75
77.8077 80.8355 -122.188 -118.75
80.8355 86.8912 -125.625 -118.75
80.8355 83.8634 -125.625 -122.188
83.8634 86.8912 -125.625 -122.188
80.8355 83.8634 -122.188 -118.75
83.8634 86.8912 -122.188 -118.75
62.6684 74.7798 -118.75 -105
62.6684 68.7241 -118.75 -111.875
62.6684 65.6963 -118.75 -115.313
65.6963 68.7241 -118.75 -115.313
62.6684 65.6963 -115.313 -111.875
65.6963 68.7241 -115.313 -111.875
68.7241 74.7798 -118.75 -111.875
68.7241 71.752 -118.75 -115.313
71.752 74.7798 -118.75 -115.313
68.7241 71.752 -115.313 -111.875
71.752 74.7798 -115.313 -111.875
62.6684 68.7241 -111.875 -105
62.6684 65.6963 -111.875 -108.438
65.6963 68.7241 -111.875 -108.438
62.6684 65.6963 -108.438 -105
65.6963 68.7241 -108.438 -105
68.7241 74.7798 -111.875 -105
68.7241 71.752 -111.875 -108.438
71.752 74.7798 -111.875 -108.438
68.7241 71.752 -108.438 -105
71.752 74.7798 -108.438 -105
74.7798 86.8912 -118.75 -105
74.7798 80.8355 -118.75 -111.875
74.7798 77.8077 -118.75 -115.313
77.8077 80.8355 -118.75 -115.313
74.7798 77.8077 -115.313 -111.875
77.8077 80.8355 -115.313 -111.875
80.8355 86.8912 -118.75 -111.875
80.8355 83.8634 -118.75 -115.313
83.8634 86.8912 -118.75 -115.313
80.8355 83.8634 -115.313 -111.875
83.8634 86.8912 -115.313 -111.875
74.7798 80.8355 -111.875 -105
74.7798 77.8077 -111.875 -108.438
77.8077 80.8355 -111.875 -108.438
74.7798 77.8077 -108.438 -105
77.8077 80.8355 -108.438 -105
80.8355 86.8912 -111.875 -105
80.8355 83.8634 -111.875 -108.438
83.8634 86.8912 -111.875 -108.438
80.8355 83.8634 -108.438 -105
83.8634 86.8912 -108.438 -105
-10 38.4456 -105 -50
-10 14.2228 -105 -77.5
-10 2.1114 -105 -91.25
2.1114 14.2228 -105 -91.25
2.1114 8.1671 -105 -98.125
2.1114 5.13925 -105 -101.563
5.13925 8.1671 -105 -101.563
2.1114 5.13925 -101.563 -98.125
5.13925 8.1671 -101.563 -98.125
8.1671 14.2228 -105 -98.125
8.1671 11.1949 -105 -101.563
11.1949 14.2228 -105 -101.563
8.1671 11.1949 -101.563 -98.125
11.1949 14.2228 -101.563 -98.125
2.1114 8.1671 -98.125 -91.25
2.1114 5.13925 -98.125 -94.6875
5.13925 8.1671 -98.125 -94.6875
2.1114 5.13925 -94.6875 -91.25
5.13925 8.1671 -94.6875 -91.25
8.1671 14.2228 -98.125 -91.25
8.1671 11.1949 -98.125 -94.6875
11.1949 14.2228 -98.125 -94.6875
8.1671 11.1949 -94.6875 -91.25
11.1949 14.2228 -94.6875 -91.25
-10 2.1114 -91.25 -77.5
-10 -3.9443 -91.25 -84.375
-3.9443 2.1114 -91.25 -84.375
-10 -3.9443 -84.375 -77.5
-3.9443 2.1114 -84.375 -77.5
2.1114 14.2228 -91.25 -77.5
2.1114 8.1671 -91.25 -84.375
2.1114 5.13925 -91.25 -87.8125
5.13925 8.1671 -91.25 -87.8125
2.1114 5.13925 -87.8125 -84.375
5.13925 8.1671 -87.8125 -84.375
8.1671 14.2228 -91.25 -84.375
8.1671 11.1949 -91.25 -87.8125
11.1949 14.2228 -91.25 -87.8125
8.1671 11.1949 -87.8125 -84.375
11.1949 14.2228 -87.8125 -84.375
2.1114 8.1671 -84.375 -77.5
2.1114 5.13925 -84.375 -80.9375
5.13925 8.1671 -84.375 -80.9375
2.1114 5.13925 -80.9375 -77.5
5.13925 8.1671 -80.9375 -77.5
8.1671 14.2228 -84.375 -77.5
8.1671 11.1949 -84.375 -80.9375
11.1949 14.2228 -84.375 -80.9375
8.1671 11.1949 -80.9375 -77.5
11.1949 14.2228 -80.9375 -77.5
14.2228 38.4456 -105 -77.5
14.2228 26.3342 -105 -91.25
14.2228 20.2785 -105 -98.125
14.2228 17.2507 -105 -101.563
17.2507 20.2785 -105 -101.563
14.2228 17.2507 -101.563 -98.125
17.2507 20.2785 -101.563 -98.125
20.2785 26.3342 -105 -98.125
20.2785 23.3064 -105 -101.563
23.3064 26.3342 -105 -101.563
20.2785 23.3064 -101.563 -98.125
23.3064 26.3342 -101.563 -98.125
14.2228 20.2785 -98.125 -91.25
14.2228 17.2507 -98.125 -94.6875
17.2507 20.2785 -98.125 -94.6875
14.2228 17.2507 -94.6875 -91.25
17.2507 20.2785 -94.6875 -91.25
20.2785 26.3342 -98.125 -91.25
20.2785 23.3064 -98.125 -94.6875
23.3064 26.3342 -98.125 -94.6875
20.2785 23.3064 -94.6875 -91.25
23.3064 26.3342 -94.6875 -91.25
26.3342 38.4456 -105 -91.25
26.3342 32.3899 -105 -98.125
26.3342 29.3621 -105 -101.563
29.3621 32.3899 -105 -101.563
26.3342 29.3621 -101.563 -98.125
29.3621 32.3899 -101.563 -98.125
32.3899 38.4456 -105 -98.125
32.3899 35.4178 -105 -101.563
35.4178 38.4456 -105 -101.563
32.3899 35.4178 -101.563 -98.125
35.4178 38.4456 -101.563 -98.125
26.3342 32.3899 -98.125 -91.25
26.3342 29.3621 -98.125 -94.6875
29.3621 32.3899 -98.125 -94.6875
26.3342 29.3621 -94.6875 -91.25
29.3621 32.3899 -94.6875 -91.25
32.3899 38.4456 -98.125 -91.25
32.3899 35.4178 -98.125 -94.6875
35.4178 38.4456 -98.125 -94.6875
32.3899 35.4178 -94.6875 -91.25
35.4178 38.4456 -94.6875 -91.25
14.2228 26.3342 -91.25 -77.5
14.2228 20.2785 -91.25 -84.375
14.2228 17.2507 -91.25 -87.8125
17.2507 20.2785 -91.25 -87.8125
14.2228 17.2507 -87.8125 -84.375
17.2507 20.2785 -87.8125 -84.375
20.2785 26.3342 -91.25 -84.375
20.2785 23.3064 -91.25 -87.8125
23.3064 26.3342 -91.25 -87.8125
20.2785 23.3064 -87.8125 -84.375
23.3064 26.3342 -87.8125 -84.375
14.2228 20.2785 -84.375 -77.5
14.2228 17.2507 -84.375 -80.9375
17.2507 20.2785 -84.375 -80.9375
14.2228 17.2507 -80.9375 -77.5
17.2507 20.2785 -80.9375 -77.5
20.2785 26.3342 -84.375 -77.5
20.2785 23.3064 -84.375 -80.9375
23.3064 26.3342 -84.375 -80.9375
20.2785 23.3064 -80.9375 -77.5
23.3064 26.3342 -80.9375 -77.5
26.3342 38.4456 -91.25 -77.5
26.3342 32.3899 -91.25 -84.375
26.3342 29.3621 -91.25 -87.8125
29.3621 32.3899 -91.25 -87.8125
26.3342 29.3621 -87.8125 -84.375
29.3621 32.3899 -87.8125 -84.375
32.3899 38.4456 -91.25 -84.375
32.3899 35.4178 -91.25 -87.8125
35.4178 38.4456 -91.25 -87.8125
32.3899 35.4178 -87.8125 -84.375
35.4178 38.4456 -87.8125 -84.375
26.3342 32.3899 -84.375 -77.5
26.3342 29.3621 -84.375 -80.9375
29.3621 32.3899 -84.375 -80.9375
26.3342 29.3621 -80.9375 -77.5
29.3621 32.3899 -80.9375 -77.5
32.3899 38.4456 -84.375 -77.5
32.3899 35.4178 -84.375 -80.9375
35.4178 38.4456 -84.375 -80.9375
32.3899 35.4178 -80.9375 -77.5
35.4178 38.4456 -80.9375 -77.5
-10 14.2228 -77.5 -50
-10 2.1114 -77.5 -63.75
-10 -3.9443 -77.5 -70.625
-3.9443 2.1114 -77.5 -70.625
-10 -3.9443 -70.625 -63.75
-3.9443 2.1114 -70.625 -63.75
2.1114 14.2228 -77.5 -63.75
2.1114 8.1671 -77.5 -70.625
2.1114 5.13925 -77.5 -74.0625
5.13925 8.1671 -77.5 -74.0625
2.1114 5.13925 -74.0625 -70.625
5.13925 8.1671 -74.0625 -70.625
8.1671 14.2228 -77.5 -70.625
8.1671 11.1949 -77.5 -74.0625
11.1949 14.2228 -77.5 -74.0625
8.1671 11.1949 -74.0625 -70.625
11.1949 14.2228 -74.0625 -70.625
2.1114 8.1671 -70.625 -63.75
2.1114 5.13925 -70.625 -67.1875
5.13925 8.1671 -70.625 -67.1875
2.1114 5.13925 -67.1875 -63.75
5.13925 8.1671 -67.1875 -63.75
8.1671 14.2228 -70.625 -63.75
8.1671 11.1949 -70.625 -67.1875
11.1949 14.2228 -70.625 -67.1875
8.1671 11.1949 -67.1875 -63.75
11.1949 14.2228 -67.1875 -63.75
-10 2.1114 -63.75 -50
-10 -3.9443 -63.75 -56.875
-3.9443 2.1114 -63.75 -56.875
-10 -3.9443 -56.875 -50
-3.9443 2.1114 -56.875 -50
2.1114 14.2228 -63.75 -50
2.1114 8.1671 -63.75 -56.875
2.1114 5.13925 -63.75 -60.3125
5.13925 8.1671 -63.75 -60.3125
2.1114 5.13925 -60.3125 -56.875
5.13925 8.1671 -60.3125 -56.875
8.1671 14.2228 -63.75 -56.875
8.1671 11.1949 -63.75 -60.3125
11.1949 14.2228 -63.75 -60.3125
8.1671 11.1949 -60.3125 -56.875
11.1949 14.2228 -60.3125 -56.875
2.1114 8.1671 -56.875 -50
2.1114 5.13925 -56.875 -53.4375
5.13925 8.1671 -56.875 -53.4375
2.1114 5.13925 -53.4375 -50
5.13925 8.1671 -53.4375 -50
8.1671 14.2228 -56.875 -50
8.1671 11.1949 -56.875 -53.4375
11.1949 14.2228 -56.875 -53.4375
8.1671 11.1949 -53.4375 -50
11.1949 14.2228 -53.4375 -50
14.2228 38.4456 -77.5 -50
14.2228 26.3342 -77.5 -63.75
14.2228 20.2785 -77.5 -70.625
14.2228 17.2507 -77.5 -74.0625
17.2507 20.2785 -77.5 -74.0625
14.2228 17.2507 -74.0625 -70.625
17.2507 20.2785 -74.0625 -70.625
20.2785 26.3342 -77.5 -70.625
20.2785 23.3064 -77.5 -74.0625
23.3064 26.3342 -77.5 -74.0625
20.2785 23.3064 -74.0625 -70.625
23.3064 26.3342 -74.0625 -70.625
14.2228 20.2785 -70.625 -63.75
14.2228 17.2507 -70.625 -67.1875
17.2507 20.2785 -70.625 -67.1875
14.2228 17.2507 -67.1875 -63.75
17.2507 20.2785 -67.1875 -63.75
20.2785 26.3342 -70.625 -63.75
20.2785 23.3064 -70.625 -67.1875
23.3064 26.3342 -70.625 -67.1875
20.2785 23.3064 -67.1875 -63.75
23.3064 26.3342 -67.1875 -63.75
26.3342 38.4456 -77.5 -63.75
26.3342 32.3899 -77.5 -70.625
26.3342 29.3621 -77.5 -74.0625
29.3621 32.3899 -77.5 -74.0625
26.3342 29.3621 -74.0625 -70.625
29.3621 32.3899 -74.0625 -70.625
32.3899 38.4456 -77.5 -70.625
32.3899 35.4178 -77.5 -74.0625
35.4178 38.4456 -77.5 -74.0625
32.3899 35.4178 -74.0625 -70.625
35.4178 38.4456 -74.0625 -70.625
26.3342 32.3899 -70.625 -63.75
26.3342 29.3621 -70.625 -67.1875
29.3621 32.3899 -70.625 -67.1875
26.3342 29.3621 -67.1875 -63.75
29.3621 32.3899 -67.1875 -63.75
32.3899 38.4456 -70.625 -63.75
32.3899 35.4178 -70.625 -67.1875
35.4178 38.4456 -70.625 -67.1875
32.3899 35.4178 -67.1875 -63.75
35.4178 38.4456 -67.1875 -63.75
14.2228 26.3342 -63.75 -50
14.2228 20.2785 -63.75 -56.875
14.2228 17.2507 -63.75 -60.3125
17.2507 20.2785 -63.75 -60.3125
14.2228 17.2507 -60.3125 -56.875
17.2507 20.2785 -60.3125 -56.875
20.2785 26.3342 -63.75 -56.875
20.2785 23.3064 -63.75 -60.3125
23.3064 26.3342 -63.75 -60.3125
20.2785 23.3064 -60.3125 -56.875
23.3064 26.3342 -60.3125 -56.875
14.2228 20.2785 -56.875 -50
14.2228 17.2507 -56.875 -53.4375
17.2507 20.2785 -56.875 -53.4375
14.2228 17.2507 -53.4375 -50
17.2507 20.2785 -53.4375 -50
20.2785 26.3342 -56.875 -50
20.2785 23.3064 -56.875 -53.4375
23.3064 26.3342 -56.875 -53.4375
20.2785 23.3064 -53.4375 -50
23.3064 26.3342 -53.4375 -50
26.3342 38.4456 -63.75 -50
26.3342 32.3899 -63.75 -56.875
26.3342 29.3621 -63.75 -60.3125
29.3621 32.3899 -63.75 -60.3125
26.3342 29.3621 -60.3125 -56.875
29.3621 32.3899 -60.3125 -56.875
32.3899 38.4456 -63.75 -56.875
32.3899 35.4178 -63.75 -60.3125
35.4178 38.4456 -63.75 -60.3125
32.3899 35.4178 -60.3125 -56.875
35.4178 38.4456 -60.3125 -56.875
26.3342 32.3899 -56.875 -50
26.3342 29.3621 -56.875 -53.4375
29.3621 32.3899 -56.875 -53.4375
26.3342 29.3621 -53.4375 -50
29.3621 32.3899 -53.4375 -50
32.3899 38.4456 -56.875 -50
32.3899 35.4178 -56.875 -53.4375
35.4178 38.4456 -56.875 -53.4375
32.3899 35.4178 -53.4375 -50
35.4178 38.4456 -53.4375 -50
38.4456 86.8912 -105 -50
38.4456 62.6684 -105 -77.5
38.4456 50.557 -105 -91.25
38.4456 44.5013 -105 -98.125
38.4456 41.4735 -105 -101.563
41.4735 44.5013 -105 -101.563
38.4456 41.4735 -101.563 -98.125
41.4735 44.5013 -101.563 -98.125
44.5013 50.557 -105 -98.125
44.5013 47.5292 -105 -101.563
47.5292 50.557 -105 -101.563
44.5013 47.5292 -101.563 -98.125
47.5292 50.557 -101.563 -98.125
38.4456 44.5013 -98.125 -91.25
38.4456 41.4735 -98.125 -94.6875
41.4735 44.5013 -98.125 -94.6875
38.4456 41.4735 -94.6875 -91.25
41.4735 44.5013 -94.6875 -91.25
44.5013 50.557 -98.125 -91.25
44.5013 47.5292 -98.125 -94.6875
47.5292 50.557 -98.125 -94.6875
44.5013 47.5292 -94.6875 -91.25
47.5292 50.557 -94.6875 -91.25
50.557 62.6684 -105 -91.25
50.557 56.6127 -105 -98.125
50.557 53.5849 -105 -101.563
53.5849 56.6127 -105 -101.563
50.557 53.5849 -101.563 -98.125
53.5849 56.6127 -101.563 -98.125
56.6127 62.6684 -105 -98.125
56.6127 59.6406 -105 -101.563
59.6406 62.6684 -105 -101.563
56.6127 59.6406 -101.563 -98.125
59.6406 62.6684 -101.563 -98.125
50.557 56.6127 -98.125 -91.25
50.557 53.5849 -98.125 -94.6875
53.5849 56.6127 -98.125 -94.6875
50.557 53.5849 -94.6875 -91.25
53.5849 56.6127 -94.6875 -91.25
56.6127 62.6684 -98.125 -91.25
56.6127 59.6406 -98.125 -94.6875
59.6406 62.6684 -98.125 -94.6875
56.6127 59.6406 -94.6875 -91.25
59.6406 62.6684 -94.6875 -91.25
38.4456 50.557 -91.25 -77.5
38.4456 44.5013 -91.25 -84.375
38.4456 41.4735 -91.25 -87.8125
41.4735 44.5013 -91.25 -87.8125
38.4456 41.4735 -87.8125 -84.375
41.4735 44.5013 -87.8125 -84.375
44.5013 50.557 -91.25 -84.375
44.5013 47.5292 -91.25 -87.8125
47.5292 50.557 -91.25 -87.8125
44.5013 47.5292 -87.8125 -84.375
47.5292 50.557 -87.8125 -84.375
38.4456 44.5013 -84.375 -77.5
38.4456 41.4735 -84.375 -80.9375
41.4735 44.5013 -84.375 -80.9375
38.4456 41.4735 -80.9375 -77.5
41.4735 44.5013 -80.9375 -77.5
44.5013 50.557 -84.375 -77.5
44.5013 47.5292 -84.375 -80.9375
47.5292 50.557 -84.375 -80.9375
44.5013 47.5292 -80.9375 -77.5
47.5292 50.557 -80.9375 -77.5
50.557 62.6684 -91.25 -77.5
50.557 56.6127 -91.25 -84.375
50.557 53.5849 -91.25 -87.8125
53.5849 56.6127 -91.25 -87.8125
50.557 53.5849 -87.8125 -84.375
53.5849 56.6127 -87.8125 -84.375
56.6127 62.6684 -91.25 -84.375
56.6127 59.6406 -91.25 -87.8125
59.6406 62.6684 -91.25 -87.8125
56.6127 59.6406 -87.8125 -84.375
59.6406 62.6684 -87.8125 -84.375
50.557 56.6127 -84.375 -77.5
50.557 53.5849 -84.375 -80.9375
53.5849 56.6127 -84.375 -80.9375
50.557 53.5849 -80.9375 -77.5
53.5849 56.6127 -80.9375 -77.5
56.6127 62.6684 -84.375 -77.5
56.6127 59.6406 -84.375 -80.9375
59.6406 62.6684 -84.375 -80.9375
56.6127 59.6406 -80.9375 -77.5
59.6406 62.6684 -80.9375 -77.5
62.6684 86.8912 -105 -77.5
62.6684 74.7798 -105 -91.25
62.6684 68.7241 -105 -98.125
62.6684 65.6963 -105 -101.563
65.6963 68.7241 -105 -101.563
62.6684 65.6963 -101.563 -98.125
65.6963 68.7241 -101.563 -98.125
68.7241 74.7798 -105 -98.125
68.7241 71.752 -105 -101.563
71.752 74.7798 -105 -101.563
68.7241 71.752 -101.563 -98.125
71.752 74.7798 -101.563 -98.125
62.6684 68.7241 -98.125 -91.25
62.6684 65.6963 -98.125 -94.6875
65.6963 68.7241 -98.125 -94.6875
62.6684 65.6963 -94.6875 -91.25
65.6963 68.7241 -94.6875 -91.25
68.7241 74.7798 -98.125 -91.25
68.7241 71.752 -98.125 -94.6875
71.752 74.7798 -98.125 -94.6875
68.7241 71.752 -94.6875 -91.25
71.752 74.7798 -94.6875 -91.25
74.7798 86.8912 -105 -91.25
74.7798 80.8355 -105 -98.125
74.7798 77.8077 -105 -101.563
77.8077 80.8355 -105 -101.563
74.7798 77.8077 -101.563 -98.125
77.8077 80.8355 -101.563 -98.125
80.8355 86.8912 -105 -98.125
80.8355 83.8634 -105 -101.563
83.8634 86.8912 -105 -101.563
80.8355 83.8634 -101.563 -98.125
83.8634 86.8912 -101.563 -98.125
74.7798 80.8355 -98.125 -91.25
74.7798 77.8077 -98.125 -94.6875
77.8077 80.8355 -98.125 -94.6875
74.7798 77.8077 -94.6875 -91.25
77.8077 80.8355 -94.6875 -91.25
80.8355 86.8912 -98.125 -91.25
80.8355 83.8634 -98.125 -94.6875
83.8634 86.8912 -98.125 -94.6875
80.8355 83.8634 -94.6875 -91.25
83.8634 86.8912 -94.6875 -91.25
62.6684 74.7798 -91.25 -77.5
62.6684 68.7241 -91.25 -84.375
62.6684 65.6963 -91.25 -87.8125
65.6963 68.7241 -91.25 -87.8125
62.6684 65.6963 -87.8125 -84.375
65.6963 68.7241 -87.8125 -84.375
68.7241 74.7798 -91.25 -84.375
68.7241 71.752 -91.25 -87.8125
71.752 74.7798 -91.25 -87.8125
68.7241 71.752 -87.8125 -84.375
71.752 74.7798 -87.8125 -84.375
62.6684 68.7241 -84.375 -77.5
62.6684 65.6963 -84.375 -80.9375
65.6963 68.7241 -84.375 -80.9375
62.6684 65.6963 -80.9375 -77.5
65.6963 68.7241 -80.9375 -77.5
68.7241 74.7798 -84.375 -77.5
68.7241 71.752 -84.375 -80.9375
71.752 74.7798 -84.375 -80.9375
68.7241 71.752 -80.9375 -77.5
71.752 74.7798 -80.9375 -77.5
74.7798 86.8912 -91.25 -77.5
74.7798 80.8355 -91.25 -84.375
74.7798 77.8077 -91.25 -87.8125
77.8077 80.8355 -91.25 -87.8125
74.7798 77.8077 -87.8125 -84.375
77.8077 80.8355 -87.8125 -84.375
80.8355 86.8912 -91.25 -84.375
80.8355 83.8634 -91.25 -87.8125
83.8634 86.8912 -91.25 -87.8125
80.8355 83.8634 -87.8125 -84.375
83.8634 86.8912 -87.8125 -84.375
74.7798 80.8355 -84.375 -77.5
74.7798 77.8077 -84.375 -80.9375
77.8077 80.8355 -84.375 -80.9375
74.7798 77.8077 -80.9375 -77.5
77.8077 80.8355 -80.9375 -77.5
80.8355 86.8912 -84.375 -77.5
80.8355 83.8634 -84.375 -80.9375
83.8634 86.8912 -84.375 -80.9375
80.8355 83.8634 -80.9375 -77.5
83.8634 86.8912 -80.9375 -77.5
38.4456 62.6684 -77.5 -50
38.4456 50.557 -77.5 -63.75
38.4456 44.5013 -77.5 -70.625
38.4456 41.4735 -77.5 -74.0625
41.4735 44.5013 -77.5 -74.0625
38.4456 41.4735 -74.0625 -70.625
41.4735 44.5013 -74.0625 -70.625
44.5013 50.557 -77.5 -70.625
44.5013 47.5292 -77.5 -74.0625
47.5292 50.557 -77.5 -74.0625
44.5013 47.5292 -74.0625 -70.625
47.5292 50.557 -74.0625 -70.625
38.4456 44.5013 -70.625 -63.75
38.4456 41.4735 -70.625 -67.1875
41.4735 44.5013 -70.625 -67.1875
38.4456 41.4735 -67.1875 -63.75
41.4735 44.5013 -67.1875 -63.75
44.5013 50.557 -70.625 -63.75
44.5013 47.5292 -70.625 -67.1875
47.5292 50.557 -70.625 -67.1875
44.5013 47.5292 -67.1875 -63.75
47.5292 50.557 -67.1875 -63.75
50.557 62.6684 -77.5 -63.75
50.557 56.6127 -77.5 -70.625
50.557 53.5849 -77.5 -74.0625
53.5849 56.6127 -77.5 -74.0625
50.557 53.5849 -74.0625 -70.625
53.5849 56.6127 -74.0625 -70.625
56.6127 62.6684 -77.5 -70.625
56.6127 59.6406 -77.5 -74.0625
59.6406 62.6684 -77.5 -74.0625
56.6127 59.6406 -74.0625 -70.625
59.6406 62.6684 -74.0625 -70.625
50.557 56.6127 -70.625 -63.75
50.557 53.5849 -70.625 -67.1875
53.5849 56.6127 -70.625 -67.1875
50.557 53.5849 -67.1875 -63.75
53.5849 56.6127 -67.1875 -63.75
56.6127 62.6684 -70.625 -63.75
56.6127 59.6406 -70.625 -67.1875
59.6406 62.6684 -70.625 -67.1875
56.6127 59.6406 -67.1875 -63.75
59.6406 62.6684 -67.1875 -63.75
38.4456 50.557 -63.75 -50
38.4456 44.5013 -63.75 -56.875
38.4456 41.4735 -63.75 -60.3125
41.4735 44.5013 -63.75 -60.3125
38.4456 41.4735 -60.3125 -56.875
41.4735 44.5013 -60.3125 -56.875
44.5013 50.557 -63.75 -56.875
44.5013 47.5292 -63.75 -60.3125
47.5292 50.557 -63.75 -60.3125
44.5013 47.5292 -60.3125 -56.875
47.5292 50.557 -60.3125 -56.875
38.4456 44.5013 -56.875 -50
38.4456 41.4735 -56.875 -53.4375
41.4735 44.5013 -56.875 -53.4375
38.4456 41.4735 -53.4375 -50
41.4735 44.5013 -53.4375 -50
44.5013 50.557 -56.875 -50
44.5013 47.5292 -56.875 -53.4375
47.5292 50.557 -56.875 -53.4375
44.5013 47.5292 -53.4375 -50
47.5292 50.557 -53.4375 -50
50.557 62.6684 -63.75 -50
50.557 56.6127 -63.75 -56.875
50.557 53.5849 -63.75 -60.3125
53.5849 56.6127 -63.75 -60.3125
50.557 53.5849 -60.3125 -56.875
53.5849 56.6127 -60.3125 -56.875
56.6127 62.6684 -63.75 -56.875
56.6127 59.6406 -63.75 -60.3125
59.6406 62.6684 -63.75 -60.3125
56.6127 59.6406 -60.3125 -56.875
59.6406 62.6684 -60.3125 -56.875
50.557 56.6127 -56.875 -50
50.557 53.5849 -56.875 -53.4375
53.5849 56.6127 -56.875 -53.4375
50.557 53.5849 -53.4375 -50
53.5849 56.6127 -53.4375 -50
56.6127 62.6684 -56.875 -50
56.6127 59.6406 -56.875 -53.4375
59.6406 62.6684 -56.875 -53.4375
56.6127 59.6406 -53.4375 -50
59.6406 62.6684 -53.4375 -50
62.6684 86.8912 -77.5 -50
62.6684 74.7798 -77.5 -63.75
62.6684 68.7241 -77.5 -70.625
62.6684 65.6963 -77.5 -74.0625
65.6963 68.7241 -77.5 -74.0625
62.6684 65.6963 -74.0625 -70.625
65.6963 68.7241 -74.0625 -70.625
68.7241 74.7798 -77.5 -70.625
68.7241 71.752 -77.5 -74.0625
71.752 74.7798 -77.5 -74.0625
68.7241 71.752 -74.0625 -70.625
71.752 74.7798 -74.0625 -70.625
62.6684 68.7241 -70.625 -63.75
62.6684 65.6963 -70.625 -67.1875
65.6963 68.7241 -70.625 -67.1875
62.6684 65.6963 -67.1875 -63.75
65.6963 68.7241 -67.1875 -63.75
68.7241 74.7798 -70.625 -63.75
68.7241 71.752 -70.625 -67.1875
71.752 74.7798 -70.625 -67.1875
68.7241 71.752 -67.1875 -63.75
71.752 74.7798 -67.1875 -63.75
74.7798 86.8912 -77.5 -63.75
74.7798 80.8355 -77.5 -70.625
74.7798 77.8077 -77.5 -74.0625
77.8077 80.8355 -77.5 -74.0625
74.7798 77.8077 -74.0625 -70.625
77.8077 80.8355 -74.0625 -70.625
80.8355 86.8912 -77.5 -70.625
80.8355 83.8634 -77.5 -74.0625
83.8634 86.8912 -77.5 -74.0625
80.8355 83.8634 -74.0625 -70.625
83.8634 86.8912 -74.0625 -70.625
74.7798 80.8355 -70.625 -63.75
74.7798 77.8077 -70.625 -67.1875
77.8077 80.8355 -70.625 -67.1875
74.7798 77.8077 -67.1875 -63.75
77.8077 80.8355 -67.1875 -63.75
80.8355 86.8912 -70.625 -63.75
80.8355 83.8634 -70.625 -67.1875
83.8634 86.8912 -70.625 -67.1875
80.8355 83.8634 -67.1875 -63.75
83.8634 86.8912 -67.1875 -63.75
62.6684 74.7798 -63.75 -50
62.6684 68.7241 -63.75 -56.875
62.6684 65.6963 -63.75 -60.3125
65.6963 68.7241 -63.75 -60.3125
62.6684 65.6963 -60.3125 -56.875
65.6963 68.7241 -60.3125 -56.875
68.7241 74.7798 -63.75 -56.875
68.7241 71.752 -63.75 -60.3125
71.752 74.7798 -63.75 -60.3125
68.7241 71.752 -60.3125 -56.875
71.752 74.7798 -60.3125 -56.875
62.6684 68.7241 -56.875 -50
62.6684 65.6963 -56.875 -53.4375
65.6963 68.7241 -56.875 -53.4375
62.6684 65.6963 -53.4375 -50
65.6963 68.7241 -53.4375 -50
68.7241 74.7798 -56.875 -50
68.7241 71.752 -56.875 -53.4375
71.752 74.7798 -56.875 -53.4375
68.7241 71.752 -53.4375 -50
71.752 74.7798 -53.4375 -50
74.7798 86.8912 -63.75 -50
74.7798 80.8355 -63.75 -56.875
74.7798 77.8077 -63.75 -60.3125
77.8077 80.8355 -63.75 -60.3125
74.7798 77.8077 -60.3125 -56.875
77.8077 80.8355 -60.3125 -56.875
80.8355 86.8912 -63.75 -56.875
80.8355 83.8634 -63.75 -60.3125
83.8634 86.8912 -63.75 -60.3125
80.8355 83.8634 -60.3125 -56.875
83.8634 86.8912 -60.3125 -56.875
74.7798 80.8355 -56.875 -50
74.7798 77.8077 -56.875 -53.4375
77.8077 80.8355 -56.875 -53.4375
74.7798 77.8077 -53.4375 -50
77.8077 80.8355 -53.4375 -50
80.8355 86.8912 -56.875 -50
80.8355 83.8634 -56.875 -53.4375
83.8634 86.8912 -56.875 -53.4375
80.8355 83.8634 -53.4375 -50
83.8634 86.8912 -53.4375 -50
86.8912 183.782 -160 -50
86.8912 135.337 -160 -105
135.337 183.782 -160 -105
86.8912 135.337 -105 -50
86.8912 111.114 -105 -77.5
111.114 135.337 -105 -77.5
86.8912 111.114 -77.5 -50
111.114 135.337 -77.5 -50
135.337 183.782 -105 -50
-10 86.8912 -50 60
-10 38.4456 -50 5
-10 14.2228 -50 -22.5
-10 2.1114 -50 -36.25
-10 -3.9443 -50 -43.125
-3.9443 2.1114 -50 -43.125
-10 -3.9443 -43.125 -36.25
-3.9443 2.1114 -43.125 -36.25
2.1114 14.2228 -50 -36.25
2.1114 8.1671 -50 -43.125
2.1114 5.13925 -50 -46.5625
5.13925 8.1671 -50 -46.5625
2.1114 5.13925 -46.5625 -43.125
5.13925 8.1671 -46.5625 -43.125
8.1671 14.2228 -50 -43.125
8.1671 11.1949 -50 -46.5625
11.1949 14.2228 -50 -46.5625
8.1671 11.1949 -46.5625 -43.125
11.1949 14.2228 -46.5625 -43.125
2.1114 8.1671 -43.125 -36.25
2.1114 5.13925 -43.125 -39.6875
5.13925 8.1671 -43.125 -39.6875
2.1114 5.13925 -39.6875 -36.25
5.13925 8.1671 -39.6875 -36.25
8.1671 14.2228 -43.125 -36.25
8.1671 11.1949 -43.125 -39.6875
11.1949 14.2228 -43.125 -39.6875
8.1671 11.1949 -39.6875 -36.25
11.1949 14.2228 -39.6875 -36.25
-10 2.1114 -36.25 -22.5
-10 -3.9443 -36.25 -29.375
-3.9443 2.1114 -36.25 -29.375
-10 -3.9443 -29.375 -22.5
-3.9443 2.1114 -29.375 -22.5
2.1114 14.2228 -36.25 -22.5
2.1114 8.1671 -36.25 -29.375
2.1114 5.13925 -36.25 -32.8125
5.13925 8.1671 -36.25 -32.8125
2.1114 5.13925 -32.8125 -29.375
5.13925 8.1671 -32.8125 -29.375
8.1671 14.2228 -36.25 -29.375
8.1671 11.1949 -36.25 -32.8125
11.1949 14.2228 -36.25 -32.8125
8.1671 11.1949 -32.8125 -29.375
11.1949 14.2228 -32.8125 -29.375
2.1114 8.1671 -29.375 -22.5
2.1114 5.13925 -29.375 -25.9375
5.13925 8.1671 -29.375 -25.9375
2.1114 5.13925 -25.9375 -22.5
5.13925 8.1671 -25.9375 -22.5
8.1671 14.2228 -29.375 -22.5
8.1671 11.1949 -29.375 -25.9375
11.1949 14.2228 -29.375 -25.9375
8.1671 11.1949 -25.9375 -22.5
11.1949 14.2228 -25.9375 -22.5
14.2228 38.4456 -50 -22.5
14.2228 26.3342 -50 -36.25
14.2228 20.2785 -50 -43.125
14.2228 17.2507 -50 -46.5625
17.2507 20.2785 -50 -46.5625
14.2228 17.2507 -46.5625 -43.125
17.2507 20.2785 -46.5625 -43.125
20.2785 26.3342 -50 -43.125
20.2785 23.3064 -50 -46.5625
23.3064 26.3342 -50 -46.5625
20.2785 23.3064 -46.5625 -43.125
23.3064 26.3342 -46.5625 -43.125
14.2228 20.2785 -43.125 -36.25
14.2228 17.2507 -43.125 -39.6875
17.2507 20.2785 -43.125 -39.6875
14.2228 17.2507 -39.6875 -36.25
17.2507 20.2785 -39.6875 -36.25
20.2785 26.3342 -43.125 -36.25
20.2785 23.3064 -43.125 -39.6875
23.3064 26.3342 -43.125 -39.6875
20.2785 23.3064 -39.6875 -36.25
23.3064 26.3342 -39.6875 -36.25
26.3342 38.4456 -50 -36.25
26.3342 32.3899 -50 -43.125
26.3342 29.3621 -50 -46.5625
29.3621 32.3899 -50 -46.5625
26.3342 29.3621 -46.5625 -43.125
29.3621 32.3899 -46.5625 -43.125
32.3899 38.4456 -50 -43.125
32.3899 35.4178 -50 -46.5625
35.4178 38.4456 -50 -46.5625
32.3899 35.4178 -46.5625 -43.125
35.4178 38.4456 -46.5625 -43.125
26.3342 32.3899 -43.125 -36.25
26.3342 29.3621 -43.125 -39.6875
29.3621 32.3899 -43.125 -39.6875
26.3342 29.3621 -39.6875 -36.25
29.3621 32.3899 -39.6875 -36.25
32.3899 38.4456 -43.125 -36.25
32.3899 35.4178 -43.125 -39.6875
35.4178 38.4456 -43.125 -39.6875
32.3899 35.4178 -39.6875 -36.25
35.4178 38.4456 -39.6875 -36.25
14.2228 26.3342 -36.25 -22.5
14.2228 20.2785 -36.25 -29.375
14.2228 17.2507 -36.25 -32.8125
17.2507 20.2785 -36.25 -32.8125
14.2228 17.2507 -32.8125 -29.375
17.2507 20.2785 -32.8125 -29.375
20.2785 26.3342 -36.25 -29.375
20.2785 23.3064 -36.25 -32.8125
23.3064 26.3342 -36.25 -32.8125
20.2785 23.3064 -32.8125 -29.375
23.3064 26.3342 -32.8125 -29.375
14.2228 20.2785 -29.375 -22.5
14.2228 17.2507 -29.375 -25.9375
17.2507 20.2785 -29.375 -25.9375
14.2228 17.2507 -25.9375 -22.5
17.2507 20.2785 -25.9375 -22.5
20.2785 26.3342 -29.375 -22.5
20.2785 23.3064 -29.375 -25.9375
23.3064 26.3342 -29.375 -25.9375
20.2785 23.3064 -25.9375 -22.5
23.3064 26.3342 -25.9375 -22.5
26.3342 38.4456 -36.25 -22.5
26.3342 32.3899 -36.25 -29.375
26.3342 29.3621 -36.25 -32.8125
29.3621 32.3899 -36.25 -32.8125
26.3342 29.3621 -32.8125 -29.375
29.3621 32.3899 -32.8125 -29.375
32.3899 38.4456 -36.25 -29.375
32.3899 35.4178 -36.25 -32.8125
35.4178 38.4456 -36.25 -32.8125
32.3899 35.4178 -32.8125 -29.375
35.4178 38.4456 -32.8125 -29.375
26.3342 32.3899 -29.375 -22.5
26.3342 29.3621 -29.375 -25.9375
29.3621 32.3899 -29.375 -25.9375
26.3342 29.3621 -25.9375 -22.5
29.3621 32.3899 -25.9375 -22.5
32.3899 38.4456 -29.375 -22.5
32.3899 35.4178 -29.375 -25.9375
35.4178 38.4456 -29.375 -25.9375
32.3899 35.4178 -25.9375 -22.5
35.4178 38.4456 -25.9375 -22.5
-10 14.2228 -22.5 5
-10 2.1114 -22.5 -8.75
-10 -3.9443 -22.5 -15.625
-3.9443 2.1114 -22.5 -15.625
-10 -3.9443 -15.625 -8.75
-3.9443 2.1114 -15.625 -8.75
2.1114 14.2228 -22.5 -8.75
2.1114 8.1671 -22.5 -15.625
2.1114 5.13925 -22.5 -19.0625
5.13925 8.1671 -22.5 -19.0625
2.1114 5.13925 -19.0625 -15.625
5.13925 8.1671 -19.0625 -15.625
8.1671 14.2228 -22.5 -15.625
8.1671 11.1949 -22.5 -19.0625
11.1949 14.2228 -22.5 -19.0625
8.1671 11.1949 -19.0625 -15.625
11.1949 14.2228 -19.0625 -15.625
2.1114 8.1671 -15.625 -8.75
2.1114 5.13925 -15.625 -12.1875
5.13925 8.1671 -15.625 -12.1875
2.1114 5.13925 -12.1875 -8.75
5.13925 8.1671 -12.1875 -8.75
8.1671 14.2228 -15.625 -8.75
8.1671 11.1949 -15.625 -12.1875
11.1949 14.2228 -15.625 -12.1875
8.1671 11.1949 -12.1875 -8.75
11.1949 14.2228 -12.1875 -8.75
-10 2.1114 -8.75 5
-10 -3.9443 -8.75 -1.875
-3.9443 2.1114 -8.75 -1.875
-10 -3.9443 -1.875 5
-3.9443 2.1114 -1.875 5
2.1114 14.2228 -8.75 5
2.1114 8.1671 -8.75 -1.875
2.1114 5.13925 -8.75 -5.3125
5.13925 8.1671 -8.75 -5.3125
2.1114 5.13925 -5.3125 -1.875
5.13925 8.1671 -5.3125 -1.875
8.1671 14.2228 -8.75 -1.875
8.1671 11.1949 -8.75 -5.3125
11.1949 14.2228 -8.75 -5.3125
8.1671 11.1949 -5.3125 -1.875
11.1949 14.2228 -5.3125 -1.875
2.1114 8.1671 -1.875 5
2.1114 5.13925 -1.875 1.5625
5.13925 8.1671 -1.875 1.5625
2.1114 5.13925 1.5625 5
5.13925 8.1671 1.5625 5
8.1671 14.2228 -1.875 5
8.1671 11.1949 -1.875 1.5625
11.1949 14.2228 -1.875 1.5625
8.1671 11.1949 1.5625 5
11.1949 14.2228 1.5625 5
14.2228 38.4456 -22.5 5
14.2228 26.3342 -22.5 -8.75
14.2228 20.2785 -22.5 -15.625
14.2228 17.2507 -22.5 -19.0625
17.2507 20.2785 -22.5 -19.0625
14.2228 17.2507 -19.0625 -15.625
17.2507 20.2785 -19.0625 -15.625
20.2785 26.3342 -22.5 -15.625
20.2785 23.3064 -22.5 -19.0625
23.3064 26.3342 -22.5 -19.0625
20.2785 23.3064 -19.0625 -15.625
23.3064 26.3342 -19.0625 -15.625
14.2228 20.2785 -15.625 -8.75
14.2228 17.2507 -15.625 -12.1875
17.2507 20.2785 -15.625 -12.1875
14.2228 17.2507 -12.1875 -8.75
17.2507 20.2785 -12.1875 -8.75
20.2785 26.3342 -15.625 -8.75
20.2785 23.3064 -15.625 -12.1875
23.3064 26.3342 -15.625 -12.1875
20.2785 23.3064 -12.1875 -8.75
23.3064 26.3342 -12.1875 -8.75
26.3342 38.4456 -22.5 -8.75
26.3342 32.3899 -22.5 -15.625
26.3342 29.3621 -22.5 -19.0625
29.3621 32.3899 -22.5 -19.0625
26.3342 29.3621 -19.0625 -15.625
29.3621 32.3899 -19.0625 -15.625
32.3899 38.4456 -22.5 -15.625
32.3899 35.4178 -22.5 -19.0625
35.4178 38.4456 -22.5 -19.0625
32.3899 35.4178 -19.0625 -15.625
35.4178 38.4456 -19.0625 -15.625
26.3342 32.3899 -15.625 -8.75
26.3342 29.3621 -15.625 -12.1875
29.3621 32.3899 -15.625 -12.1875
26.3342 29.3621 -12.1875 -8.75
29.3621 32.3899 -12.1875 -8.75
32.3899 38.4456 -15.625 -8.75
32.3899 35.4178 -15.625 -12.1875
35.4178 38.4456 -15.625 -12.1875
32.3899 35.4178 -12.1875 -8.75
35.4178 38.4456 -12.1875 -8.75
14.2228 26.3342 -8.75 5
14.2228 20.2785 -8.75 -1.875
14.2228 17.2507 -8.75 -5.3125
17.2507 20.2785 -8.75 -5.3125
14.2228 17.2507 -5.3125 -1.875
17.2507 20.2785 -5.3125 -1.875
20.2785 26.3342 -8.75 -1.875
20.2785 23.3064 -8.75 -5.3125
23.3064 26.3342 -8.75 -5.3125
20.2785 23.3064 -5.3125 -1.875
23.3064 26.3342 -5.3125 -1.875
14.2228 20.2785 -1.875 5
14.2228 17.2507 -1.875 1.5625
17.2507 20.2785 -1.875 1.5625
14.2228 17.2507 1.5625 5
17.2507 20.2785 1.5625 5
20.2785 26.3342 -1.875 5
20.2785 23.3064 -1.875 1.5625
23.3064 26.3342 -1.875 1.5625
20.2785 23.3064 1.5625 5
23.3064 26.3342 1.5625 5
26.3342 38.4456 -8.75 5
26.3342 32.3899 -8.75 -1.875
26.3342 29.3621 -8.75 -5.3125
29.3621 32.3899 -8.75 -5.3125
26.3342 29.3621 -5.3125 -1.875
29.3621 32.3899 -5.3125 -1.875
32.3899 38.4456 -8.75 -1.875
32.3899 35.4178 -8.75 -5.3125
35.4178 38.4456 -8.75 -5.3125
32.3899 35.4178 -5.3125 -1.875
35.4178 38.4456 -5.3125 -1.875
26.3342 32.3899 -1.875 5
26.3342 29.3621 -1.875 1.5625
29.3621 32.3899 -1.875 1.5625
26.3342 29.3621 1.5625 5
29.3621 32.3899 1.5625 5
32.3899 38.4456 -1.875 5
32.3899 35.4178 -1.875 1.5625
35.4178 38.4456 -1.875 1.5625
32.3899 35.4178 1.5625 5
35.4178 38.4456 1.5625 5
38.4456 86.8912 -50 5
38.4456 62.6684 -50 -22.5
38.4456 50.557 -50 -36.25
38.4456 44.5013 -50 -43.125
38.4456 41.4735 -50 -46.5625
41.4735 44.5013 -50 -46.5625
38.4456 41.4735 -46.5625 -43.125
41.4735 44.5013 -46.5625 -43.125
44.5013 50.557 -50 -43.125
44.5013 47.5292 -50 -46.5625
47.5292 50.557 -50 -46.5625
44.5013 47.5292 -46.5625 -43.125
47.5292 50.557 -46.5625 -43.125
38.4456 44.5013 -43.125 -36.25
38.4456 41.4735 -43.125 -39.6875
41.4735 44.5013 -43.125 -39.6875
38.4456 41.4735 -39.6875 -36.25
41.4735 44.5013 -39.6875 -36.25
44.5013 50.557 -43.125 -36.25
44.5013 47.5292 -43.125 -39.6875
47.5292 50.557 -43.125 -39.6875
44.5013 47.5292 -39.6875 -36.25
47.5292 50.557 -39.6875 -36.25
50.557 62.6684 -50 -36.25
50.557 56.6127 -50 -43.125
50.557 53.5849 -50 -46.5625
53.5849 56.6127 -50 -46.5625
50.557 53.5849 -46.5625 -43.125
53.5849 56.6127 -46.5625 -43.125
56.6127 62.6684 -50 -43.125
56.6127 59.6406 -50 -46.5625
59.6406 62.6684 -50 -46.5625
56.6127 59.6406 -46.5625 -43.125
59.6406 62.6684 -46.5625 -43.125
50.557 56.6127 -43.125 -36.25
50.557 53.5849 -43.125 -39.6875
53.5849 56.6127 -43.125 -39.6875
50.557 53.5849 -39.6875 -36.25
53.5849 56.6127 -39.6875 -36.25
56.6127 62.6684 -43.125 -36.25
56.6127 59.6406 -43.125 -39.6875
59.6406 62.6684 -43.125 -39.6875
56.6127 59.6406 -39.6875 -36.25
59.6406 62.6684 -39.6875 -36.25
38.4456 50.557 -36.25 -22.5
38.4456 44.5013 -36.25 -29.375
38.4456 41.4735 -36.25 -32.8125
41.4735 44.5013 -36.25 -32.8125
38.4456 41.4735 -32.8125 -29.375
41.4735 44.5013 -32.8125 -29.375
44.5013 50.557 -36.25 -29.375
44.5013 47.5292 -36.25 -32.8125
47.5292 50.557 -36.25 -32.8125
44.5013 47.5292 -32.8125 -29.375
47.5292 50.557 -32.8125 -29.375
38.4456 44.5013 -29.375 -22.5
38.4456 41.4735 -29.375 -25.9375
41.4735 44.5013 -29.375 -25.9375
38.4456 41.4735 -25.9375 -22.5
41.4735 44.5013 -25.9375 -22.5
44.5013 50.557 -29.375 -22.5
44.5013 47.5292 -29.375 -25.9375
47.5292 50.557 -29.375 -25.9375
44.5013 47.5292 -25.9375 -22.5
47.5292 50.557 -25.9375 -22.5
50.557 62.6684 -36.25 -22.5
50.557 56.6127 -36.25 -29.375
50.557 53.5849 -36.25 -32.8125
53.5849 56.6127 -36.25 -32.8125
50.557 53.5849 -32.8125 -29.375
53.5849 56.6127 -32.8125 -29.375
56.6127 62.6684 -36.25 -29.375
56.6127 59.6406 -36.25 -32.8125
59.6406 62.6684 -36.25 -32.8125
56.6127 59.6406 -32.8125 -29.375
59.6406 62.6684 -32.8125 -29.375
50.557 56.6127 -29.375 -22.5
50.557 53.5849 -29.375 -25.9375
53.5849 56.6127 -29.375 -25.9375
50.557 53.5849 -25.9375 -22.5
53.5849 56.6127 -25.9375 -22.5
56.6127 62.6684 -29.375 -22.5
56.6127 59.6406 -29.375 -25.9375
59.6406 62.6684 -29.375 -25.9375
56.6127 59.6406 -25.9375 -22.5
59.6406 62.6684 -25.9375 -22.5
62.6684 86.8912 -50 -22.5
62.6684 74.7798 -50 -36.25
62.6684 68.7241 -50 -43.125
62.6684 65.6963 -50 -46.5625
65.6963 68.7241 -50 -46.5625
62.6684 65.6963 -46.5625 -43.125
65.6963 68.7241 -46.5625 -43.125
68.7241 74.7798 -50 -43.125
68.7241 71.752 -50 -46.5625
71.752 74.7798 -50 -46.5625
68.7241 71.752 -46.5625 -43.125
71.752 74.7798 -46.5625 -43.125
62.6684 68.7241 -43.125 -36.25
62.6684 65.6963 -43.125 -39.6875
65.6963 68.7241 -43.125 -39.6875
62.6684 65.6963 -39.6875 -36.25
65.6963 68.7241 -39.6875 -36.25
68.7241 74.7798 -43.125 -36.25
68.7241 71.752 -43.125 -39.6875
71.752 74.7798 -43.125 -39.6875
68.7241 71.752 -39.6875 -36.25
71.752 74.7798 -39.6875 -36.25
74.7798 86.8912 -50 -36.25
74.7798 80.8355 -50 -43.125
74.7798 77.8077 -50 -46.5625
77.8077 80.8355 -50 -46.5625
74.7798 77.8077 -46.5625 -43.125
77.8077 80.8355 -46.5625 -43.125
80.8355 86.8912 -50 -43.125
80.8355 83.8634 -50 -46.5625
83.8634 86.8912 -50 -46.5625
80.8355 83.8634 -46.5625 -43.125
83.8634 86.8912 -46.5625 -43.125
74.7798 80.8355 -43.125 -36.25
74.7798 77.8077 -43.125 -39.6875
77.8077 80.8355 -43.125 -39.6875
74.7798 77.8077 -39.6875 -36.25
77.8077 80.8355 -39.6875 -36.25
80.8355 86.8912 -43.125 -36.25
80.8355 83.8634 -43.125 -39.6875
83.8634 86.8912 -43.125 -39.6875
80.8355 83.8634 -39.6875 -36.25
83.8634 86.8912 -39.6875 -36.25
62.6684 74.7798 -36.25 -22.5
62.6684 68.7241 -36.25 -29.375
62.6684 65.6963 -36.25 -32.8125
65.6963 68.7241 -36.25 -32.8125
62.6684 65.6963 -32.8125 -29.375
65.6963 68.7241 -32.8125 -29.375
68.7241 74.7798 -36.25 -29.375
68.7241 71.752 -36.25 -32.8125
71.752 74.7798 -36.25 -32.8125
68.7241 71.752 -32.8125 -29.375
71.752 74.7798 -32.8125 -29.375
62.6684 68.7241 -29.375 -22.5
62.6684 65.6963 -29.375 -25.9375
65.6963 68.7241 -29.375 -25.9375
62.6684 65.6963 -25.9375 -22.5
65.6963 68.7241 -25.9375 -22.5
68.7241 74.7798 -29.375 -22.5
68.7241 71.752 -29.375 -25.9375
71.752 74.7798 -29.375 -25.9375
68.7241 71.752 -25.9375 -22.5
71.752 74.7798 -25.9375 -22.5
74.7798 86.8912 -36.25 -22.5
74.7798 80.8355 -36.25 -29.375
74.7798 77.8077 -36.25 -32.8125
77.8077 80.8355 -36.25 -32.8125
74.7798 77.8077 -32.8125 -29.375
77.8077 80.8355 -32.8125 -29.375
80.8355 86.8912 -36.25 -29.375
80.8355 83.8634 -36.25 -32.8125
83.8634 86.8912 -36.25 -32.8125
80.8355 83.8634 -32.8125 -29.375
83.8634 86.8912 -32.8125 -29.375
74.7798 80.8355 -29.375 -22.5
74.7798 77.8077 -29.375 -25.9375
77.8077 80.8355 -29.375 -25.9375
74.7798 77.8077 -25.9375 -22.5
77.8077 80.8355 -25.9375 -22.5
80.8355 86.8912 -29.375 -22.5
80.8355 83.8634 -29.375 -25.9375
83.8634 86.8912 -29.375 -25.9375
80.8355 83.8634 -25.9375 -22.5
83.8634 86.8912 -25.9375 -22.5
38.4456 62.6684 -22.5 5
38.4456 50.557 -22.5 -8.75
38.4456 44.5013 -22.5 -15.625
38.4456 41.4735 -22.5 -19.0625
41.4735 44.5013 -22.5 -19.0625
38.4456 41.4735 -19.0625 -15.625
41.4735 44.5013 -19.0625 -15.625
44.5013 50.557 -22.5 -15.625
44.5013 47.5292 -22.5 -19.0625
47.5292 50.557 -22.5 -19.0625
44.5013 47.5292 -19.0625 -15.625
47.5292 50.557 -19.0625 -15.625
38.4456 44.5013 -15.625 -8.75
38.4456 41.4735 -15.625 -12.1875
41.4735 44.5013 -15.625 -12.1875
38.4456 41.4735 -12.1875 -8.75
41.4735 44.5013 -12.1875 -8.75
44.5013 50.557 -15.625 -8.75
44.5013 47.5292 -15.625 -12.1875
47.5292 50.557 -15.625 -12.1875
44.5013 47.5292 -12.1875 -8.75
47.5292 50.557 -12.1875 -8.75
50.557 62.6684 -22.5 -8.75
50.557 56.6127 -22.5 -15.625
50.557 53.5849 -22.5 -19.0625
53.5849 56.6127 -22.5 -19.0625
50.557 53.5849 -19.0625 -15.625
53.5849 56.6127 -19.0625 -15.625
56.6127 62.6684 -22.5 -15.625
56.6127 59.6406 -22.5 -19.0625
59.6406 62.6684 -22.5 -19.0625
56.6127 59.6406 -19.0625 -15.625
59.6406 62.6684 -19.0625 -15.625
50.557 56.6127 -15.625 -8.75
50.557 53.5849 -15.625 -12.1875
53.5849 56.6127 -15.625 -12.1875
50.557 53.5849 -12.1875 -8.75
53.5849 56.6127 -12.1875 -8.75
56.6127 62.6684 -15.625 -8.75
56.6127 59.6406 -15.625 -12.1875
59.6406 62.6684 -15.625 -12.1875
56.6127 59.6406 -12.1875 -8.75
59.6406 62.6684 -12.1875 -8.75
38.4456 50.557 -8.75 5
38.4456 44.5013 -8.75 -1.875
38.4456 41.4735 -8.75 -5.3125
41.4735 44.5013 -8.75 -5.3125
38.4456 41.4735 -5.3125 -1.875
41.4735 44.5013 -5.3125 -1.875
44.5013 50.557 -8.75 -1.875
44.5013 47.5292 -8.75 -5.3125
47.5292 50.557 -8.75 -5.3125
44.5013 47.5292 -5.3125 -1.875
47.5292 50.557 -5.3125 -1.875
38.4456 44.5013 -1.875 5
38.4456 41.4735 -1.875 1.5625
41.4735 44.5013 -1.875 1.5625
38.4456 41.4735 1.5625 5
41.4735 44.5013 1.5625 5
44.5013 50.557 -1.875 5
44.5013 47.5292 -1.875 1.5625
47.5292 50.557 -1.875 1.5625
44.5013 47.5292 1.5625 5
47.5292 50.557 1.5625 5
50.557 62.6684 -8.75 5
50.557 56.6127 -8.75 -1.875
50.557 53.5849 -8.75 -5.3125
53.5849 56.6127 -8.75 -5.3125
50.557 53.5849 -5.3125 -1.875
53.5849 56.6127 -5.3125 -1.875
56.6127 62.6684 -8.75 -1.875
56.6127 59.6406 -8.75 -5.3125
59.6406 62.6684 -8.75 -5.3125
56.6127 59.6406 -5.3125 -1.875
59.6406 62.6684 -5.3125 -1.875
50.557 56.6127 -1.875 5
50.557 53.5849 -1.875 1.5625
53.5849 56.6127 -1.875 1.5625
50.557 53.5849 1.5625 5
53.5849 56.6127 1.5625 5
56.6127 62.6684 -1.875 5
56.6127 59.6406 -1.875 1.5625
59.6406 62.6684 -1.875 1.5625
56.6127 59.6406 1.5625 5
59.6406 62.6684 1.5625 5
62.6684 86.8912 -22.5 5
62.6684 74.7798 -22.5 -8.75
62.6684 68.7241 -22.5 -15.625
62.6684 65.6963 -22.5 -19.0625
65.6963 68.7241 -22.5 -19.0625
62.6684 65.6963 -19.0625 -15.625
65.6963 68.7241 -19.0625 -15.625
68.7241 74.7798 -22.5 -15.625
68.7241 71.752 -22.5 -19.0625
71.752 74.7798 -22.5 -19.0625
68.7241 71.752 -19.0625 -15.625
71.752 74.7798 -19.0625 -15.625
62.6684 68.7241 -15.625 -8.75
62.6684 65.6963 -15.625 -12.1875
65.6963 68.7241 -15.625 -12.1875
62.6684 65.6963 -12.1875 -8.75
65.6963 68.7241 -12.1875 -8.75
68.7241 74.7798 -15.625 -8.75
68.7241 71.752 -15.625 -12.1875
71.752 74.7798 -15.625 -12.1875
68.7241 71.752 -12.1875 -8.75
71.752 74.7798 -12.1875 -8.75
74.7798 86.8912 -22.5 -8.75
74.7798 80.8355 -22.5 -15.625
74.7798 77.8077 -22.5 -19.0625
77.8077 80.8355 -22.5 -19.0625
74.7798 77.8077 -19.0625 -15.625
77.8077 80.8355 -19.0625 -15.625
80.8355 86.8912 -22.5 -15.625
80.8355 83.8634 -22.5 -19.0625
83.8634 86.8912 -22.5 -19.0625
80.8355 83.8634 -19.0625 -15.625
83.8634 86.8912 -19.0625 -15.625
74.7798 80.8355 -15.625 -8.75
74.7798 77.8077 -15.625 -12.1875
77.8077 80.8355 -15.625 -12.1875
74.7798 77.8077 -12.1875 -8.75
77.8077 80.8355 -12.1875 -8.75
80.8355 86.8912 -15.625 -8.75
80.8355 83.8634 -15.625 -12.1875
83.8634 86.8912 -15.625 -12.1875
80.8355 83.8634 -12.1875 -8.75
83.8634 86.8912 -12.1875 -8.75
62.6684 74.7798 -8.75 5
62.6684 68.7241 -8.75 -1.875
62.6684 65.6963 -8.75 -5.3125
65.6963 68.7241 -8.75 -5.3125
62.6684 65.6963 -5.3125 -1.875
65.6963 68.7241 -5.3125 -1.875
68.7241 74.7798 -8.75 -1.875
68.7241 71.752 -8.75 -5.3125
71.752 74.7798 -8.75 -5.3125
68.7241 71.752 -5.3125 -1.875
71.752 74.7798 -5.3125 -1.875
62.6684 68.7241 -1.875 5
62.6684 65.6963 -1.875 1.5625
65.6963 68.7241 -1.875 1.5625
62.6684 65.6963 1.5625 5
65.6963 68.7241 1.5625 5
68.7241 74.7798 -1.875 5
68.7241 71.752 -1.875 1.5625
71.752 74.7798 -1.875 1.5625
68.7241 71.752 1.5625 5
71.752 74.7798 1.5625 5
74.7798 86.8912 -8.75 5
74.7798 80.8355 -8.75 -1.875
74.7798 77.8077 -8.75 -5.3125
77.8077 80.8355 -8.75 -5.3125
74.7798 77.8077 -5.3125 -1.875
77.8077 80.8355 -5.3125 -1.875
80.8355 86.8912 -8.75 -1.875
80.8355 83.8634 -8.75 -5.3125
83.8634 86.8912 -8.75 -5.3125
80.8355 83.8634 -5.3125 -1.875
83.8634 86.8912 -5.3125 -1.875
74.7798 80.8355 -1.875 5
74.7798 77.8077 -1.875 1.5625
77.8077 80.8355 -1.875 1.5625
74.7798 77.8077 1.5625 5
77.8077 80.8355 1.5625 5
80.8355 86.8912 -1.875 5
80.8355 83.8634 -1.875 1.5625
83.8634 86.8912 -1.875 1.5625
80.8355 83.8634 1.5625 5
83.8634 86.8912 1.5625 5
-10 38.4456 5 60
-10 14.2228 5 32.5
14.2228 38.4456 5 32.5
14.2228 26.3342 5 18.75
14.2228 20.2785 5 11.875
14.2228 17.2507 5 8.4375
17.2507 20.2785 5 8.4375
14.2228 17.2507 8.4375 11.875
17.2507 20.2785 8.4375 11.875
20.2785 26.3342 5 11.875
20.2785 23.3064 5 8.4375
23.3064 26.3342 5 8.4375
20.2785 23.3064 8.4375 11.875
23.3064 26.3342 8.4375 11.875
14.2228 20.2785 11.875 18.75
20.2785 26.3342 11.875 18.75
26.3342 38.4456 5 18.75
26.3342 32.3899 5 11.875
26.3342 29.3621 5 8.4375
29.3621 32.3899 5 8.4375
26.3342 29.3621 8.4375 11.875
29.3621 32.3899 8.4375 11.875
32.3899 38.4456 5 11.875
32.3899 35.4178 5 8.4375
35.4178 38.4456 5 8.4375
32.3899 35.4178 8.4375 11.875
35.4178 38.4456 8.4375 11.875
26.3342 32.3899 11.875 18.75
26.3342 29.3621 11.875 15.3125
29.3621 32.3899 11.875 15.3125
26.3342 29.3621 15.3125 18.75
29.3621 32.3899 15.3125 18.75
32.3899 38.4456 11.875 18.75
32.3899 35.4178 11.875 15.3125
35.4178 38.4456 11.875 15.3125
32.3899 35.4178 15.3125 18.75
35.4178 38.4456 15.3125 18.75
14.2228 26.3342 18.75 32.5
26.3342 38.4456 18.75 32.5
-10 14.2228 32.5 60
14.2228 38.4456 32.5 60
38.4456 86.8912 5 60
38.4456 62.6684 5 32.5
38.4456 50.557 5 18.75
38.4456 44.5013 5 11.875
38.4456 41.4735 5 8.4375
41.4735 44.5013 5 8.4375
38.4456 41.4735 8.4375 11.875
41.4735 44.5013 8.4375 11.875
44.5013 50.557 5 11.875
44.5013 47.5292 5 8.4375
47.5292 50.557 5 8.4375
44.5013 47.5292 8.4375 11.875
47.5292 50.557 8.4375 11.875
38.4456 44.5013 11.875 18.75
38.4456 41.4735 11.875 15.3125
41.4735 44.5013 11.875 15.3125
38.4456 41.4735 15.3125 18.75
41.4735 44.5013 15.3125 18.75
44.5013 50.557 11.875 18.75
44.5013 47.5292 11.875 15.3125
47.5292 50.557 11.875 15.3125
44.5013 47.5292 15.3125 18.75
47.5292 50.557 15.3125 18.75
50.557 62.6684 5 18.75
50.557 56.6127 5 11.875
50.557 53.5849 5 8.4375
53.5849 56.6127 5 8.4375
50.557 53.5849 8.4375 11.875
53.5849 56.6127 8.4375 11.875
56.6127 62.6684 5 11.875
56.6127 59.6406 5 8.4375
59.6406 62.6684 5 8.4375
56.6127 59.6406 8.4375 11.875
59.6406 62.6684 8.4375 11.875
50.557 56.6127 11.875 18.75
50.557 53.5849 11.875 15.3125
53.5849 56.6127 11.875 15.3125
50.557 53.5849 15.3125 18.75
53.5849 56.6127 15.3125 18.75
56.6127 62.6684 11.875 18.75
56.6127 59.6406 11.875 15.3125
59.6406 62.6684 11.875 15.3125
56.6127 59.6406 15.3125 18.75
59.6406 62.6684 15.3125 18.75
38.4456 50.557 18.75 32.5
38.4456 44.5013 18.75 25.625
38.4456 41.4735 18.75 22.1875
41.4735 44.5013 18.75 22.1875
38.4456 41.4735 22.1875 25.625
41.4735 44.5013 22.1875 25.625
44.5013 50.557 18.75 25.625
44.5013 47.5292 18.75 22.1875
47.5292 50.557 18.75 22.1875
44.5013 47.5292 22.1875 25.625
47.5292 50.557 22.1875 25.625
38.4456 44.5013 25.625 32.5
44.5013 50.557 25.625 32.5
50.557 62.6684 18.75 32.5
50.557 56.6127 18.75 25.625
50.557 53.5849 18.75 22.1875
53.5849 56.6127 18.75 22.1875
50.557 53.5849 22.1875 25.625
53.5849 56.6127 22.1875 25.625
56.6127 62.6684 18.75 25.625
56.6127 59.6406 18.75 22.1875
59.6406 62.6684 18.75 22.1875
56.6127 59.6406 22.1875 25.625
59.6406 62.6684 22.1875 25.625
50.557 56.6127 25.625 32.5
50.557 53.5849 25.625 29.0625
53.5849 56.6127 25.625 29.0625
50.557 53.5849 29.0625 32.5
53.5849 56.6127 29.0625 32.5
56.6127 62.6684 25.625 32.5
56.6127 59.6406 25.625 29.0625
59.6406 62.6684 25.625 29.0625
56.6127 59.6406 29.0625 32.5
59.6406 62.6684 29.0625 32.5
62.6684 86.8912 5 32.5
62.6684 74.7798 5 18.75
62.6684 68.7241 5 11.875
62.6684 65.6963 5 8.4375
65.6963 68.7241 5 8.4375
62.6684 65.6963 8.4375 11.875
65.6963 68.7241 8.4375 11.875
68.7241 74.7798 5 11.875
68.7241 71.752 5 8.4375
71.752 74.7798 5 8.4375
68.7241 71.752 8.4375 11.875
71.752 74.7798 8.4375 11.875
62.6684 68.7241 11.875 18.75
62.6684 65.6963 11.875 15.3125
65.6963 68.7241 11.875 15.3125
62.6684 65.6963 15.3125 18.75
65.6963 68.7241 15.3125 18.75
68.7241 74.7798 11.875 18.75
68.7241 71.752 11.875 15.3125
71.752 74.7798 11.875 15.3125
68.7241 71.752 15.3125 18.75
71.752 74.7798 15.3125 18.75
74.7798 86.8912 5 18.75
74.7798 80.8355 5 11.875
74.7798 77.8077 5 8.4375
77.8077 80.8355 5 8.4375
74.7798 77.8077 8.4375 11.875
77.8077 80.8355 8.4375 11.875
80.8355 86.8912 5 11.875
80.8355 83.8634 5 8.4375
83.8634 86.8912 5 8.4375
80.8355 83.8634 8.4375 11.875
83.8634 86.8912 8.4375 11.875
74.7798 80.8355 11.875 18.75
74.7798 77.8077 11.875 15.3125
77.8077 80.8355 11.875 15.3125
74.7798 77.8077 15.3125 18.75
77.8077 80.8355 15.3125 18.75
80.8355 86.8912 11.875 18.75
80.8355 83.8634 11.875 15.3125
83.8634 86.8912 11.875 15.3125
80.8355 83.8634 15.3125 18.75
83.8634 86.8912 15.3125 18.75
62.6684 74.7798 18.75 32.5
62.6684 68.7241 18.75 25.625
62.6684 65.6963 18.75 22.1875
65.6963 68.7241 18.75 22.1875
62.6684 65.6963 22.1875 25.625
65.6963 68.7241 22.1875 25.625
68.7241 74.7798 18.75 25.625
68.7241 71.752 18.75 22.1875
71.752 74.7798 18.75 22.1875
68.7241 71.752 22.1875 25.625
71.752 74.7798 22.1875 25.625
62.6684 68.7241 25.625 32.5
62.6684 65.6963 25.625 29.0625
65.6963 68.7241 25.625 29.0625
62.6684 65.6963 29.0625 32.5
65.6963 68.7241 29.0625 32.5
68.7241 74.7798 25.625 32.5
68.7241 71.752 25.625 29.0625
71.752 74.7798 25.625 29.0625
68.7241 71.752 29.0625 32.5
71.752 74.7798 29.0625 32.5
74.7798 86.8912 18.75 32.5
74.7798 80.8355 18.75 25.625
74.7798 77.8077 18.75 22.1875
77.8077 80.8355 18.75 22.1875
74.7798 77.8077 22.1875 25.625
77.8077 80.8355 22.1875 25.625
80.8355 86.8912 18.75 25.625
80.8355 83.8634 18.75 22.1875
83.8634 86.8912 18.75 22.1875
80.8355 83.8634 22.1875 25.625
83.8634 86.8912 22.1875 25.625
74.7798 80.8355 25.625 32.5
74.7798 77.8077 25.625 29.0625
77.8077 80.8355 25.625 29.0625
74.7798 77.8077 29.0625 32.5
77.8077 80.8355 29.0625 32.5
80.8355 86.8912 25.625 32.5
80.8355 83.8634 25.625 29.0625
83.8634 86.8912 25.625 29.0625
80.8355 83.8634 29.0625 32.5
83.8634 86.8912 29.0625 32.5
38.4456 62.6684 32.5 60
62.6684 86.8912 32.5 60
62.6684 74.7798 32.5 46.25
62.6684 68.7241 32.5 39.375
62.6684 65.6963 32.5 35.9375
65.6963 68.7241 32.5 35.9375
62.6684 65.6963 35.9375 39.375
65.6963 68.7241 35.9375 39.375
68.7241 74.7798 32.5 39.375
68.7241 71.752 32.5 35.9375
71.752 74.7798 32.5 35.9375
68.7241 71.752 35.9375 39.375
71.752 74.7798 35.9375 39.375
62.6684 68.7241 39.375 46.25
68.7241 74.7798 39.375 46.25
74.7798 86.8912 32.5 46.25
74.7798 80.8355 32.5 39.375
74.7798 77.8077 32.5 35.9375
77.8077 80.8355 32.5 35.9375
74.7798 77.8077 35.9375 39.375
77.8077 80.8355 35.9375 39.375
80.8355 86.8912 32.5 39.375
80.8355 83.8634 32.5 35.9375
83.8634 86.8912 32.5 35.9375
80.8355 83.8634 35.9375 39.375
83.8634 86.8912 35.9375 39.375
74.7798 80.8355 39.375 46.25
74.7798 77.8077 39.375 42.8125
77.8077 80.8355 39.375 42.8125
74.7798 77.8077 42.8125 46.25
77.8077 80.8355 42.8125 46.25
80.8355 86.8912 39.375 46.25
80.8355 83.8634 39.375 42.8125
83.8634 86.8912 39.375 42.8125
80.8355 83.8634 42.8125 46.25
83.8634 86.8912 42.8125 46.25
62.6684 74.7798 46.25 60
74.7798 86.8912 46.25 60
86.8912 183.782 -50 60
86.8912 135.337 -50 5
86.8912 111.114 -50 -22.5
86.8912 99.0026 -50 -36.25
86.8912 92.9469 -50 -43.125
86.8912 89.9191 -50 -46.5625
89.9191 92.9469 -50 -46.5625
86.8912 89.9191 -46.5625 -43.125
89.9191 92.9469 -46.5625 -43.125
92.9469 99.0026 -50 -43.125
86.8912 92.9469 -43.125 -36.25
86.8912 89.9191 -43.125 -39.6875
89.9191 92.9469 -43.125 -39.6875
86.8912 89.9191 -39.6875 -36.25
89.9191 92.9469 -39.6875 -36.25
92.9469 99.0026 -43.125 -36.25
92.9469 95.9748 -43.125 -39.6875
95.9748 99.0026 -43.125 -39.6875
92.9469 95.9748 -39.6875 -36.25
95.9748 99.0026 -39.6875 -36.25
99.0026 111.114 -50 -36.25
99.0026 105.058 -50 -43.125
105.058 111.114 -50 -43.125
99.0026 105.058 -43.125 -36.25
99.0026 102.03 -43.125 -39.6875
102.03 105.058 -43.125 -39.6875
99.0026 102.03 -39.6875 -36.25
102.03 105.058 -39.6875 -36.25
105.058 111.114 -43.125 -36.25
86.8912 99.0026 -36.25 -22.5
86.8912 92.9469 -36.25 -29.375
86.8912 89.9191 -36.25 -32.8125
89.9191 92.9469 -36.25 -32.8125
86.8912 89.9191 -32.8125 -29.375
89.9191 92.9469 -32.8125 -29.375
92.9469 99.0026 -36.25 -29.375
92.9469 95.9748 -36.25 -32.8125
95.9748 99.0026 -36.25 -32.8125
92.9469 95.9748 -32.8125 -29.375
95.9748 99.0026 -32.8125 -29.375
86.8912 92.9469 -29.375 -22.5
86.8912 89.9191 -29.375 -25.9375
89.9191 92.9469 -29.375 -25.9375
86.8912 89.9191 -25.9375 -22.5
89.9191 92.9469 -25.9375 -22.5
92.9469 99.0026 -29.375 -22.5
92.9469 95.9748 -29.375 -25.9375
95.9748 99.0026 -29.375 -25.9375
92.9469 95.9748 -25.9375 -22.5
95.9748 99.0026 -25.9375 -22.5
99.0026 111.114 -36.25 -22.5
99.0026 105.058 -36.25 -29.375
99.0026 102.03 -36.25 -32.8125
102.03 105.058 -36.25 -32.8125
99.0026 102.03 -32.8125 -29.375
102.03 105.058 -32.8125 -29.375
105.058 111.114 -36.25 -29.375
105.058 108.086 -36.25 -32.8125
108.086 111.114 -36.25 -32.8125
105.058 108.086 -32.8125 -29.375
108.086 111.114 -32.8125 -29.375
99.0026 105.058 -29.375 -22.5
99.0026 102.03 -29.375 -25.9375
102.03 105.058 -29.375 -25.9375
99.0026 102.03 -25.9375 -22.5
102.03 105.058 -25.9375 -22.5
105.058 111.114 -29.375 -22.5
105.058 108.086 -29.375 -25.9375
108.086 111.114 -29.375 -25.9375
105.058 108.086 -25.9375 -22.5
108.086 111.114 -25.9375 -22.5
111.114 135.337 -50 -22.5
111.114 123.225 -50 -36.25
123.225 135.337 -50 -36.25
111.114 123.225 -36.25 -22.5
111.114 117.17 -36.25 -29.375
111.114 114.142 -36.25 -32.8125
114.142 117.17 -36.25 -32.8125
111.114 114.142 -32.8125 -29.375
114.142 117.17 -32.8125 -29.375
117.17 123.225 -36.25 -29.375
111.114 117.17 -29.375 -22.5
111.114 114.142 -29.375 -25.9375
114.142 117.17 -29.375 -25.9375
111.114 114.142 -25.9375 -22.5
114.142 117.17 -25.9375 -22.5
117.17 123.225 -29.375 -22.5
117.17 120.198 -29.375 -25.9375
120.198 123.225 -29.375 -25.9375
117.17 120.198 -25.9375 -22.5
120.198 123.225 -25.9375 -22.5
123.225 135.337 -36.25 -22.5
123.225 129.281 -36.25 -29.375
129.281 135.337 -36.25 -29.375
123.225 129.281 -29.375 -22.5
123.225 126.253 -29.375 -25.9375
126.253 129.281 -29.375 -25.9375
123.225 126.253 -25.9375 -22.5
126.253 129.281 -25.9375 -22.5
129.281 135.337 -29.375 -22.5
86.8912 111.114 -22.5 5
86.8912 99.0026 -22.5 -8.75
86.8912 92.9469 -22.5 -15.625
86.8912 89.9191 -22.5 -19.0625
89.9191 92.9469 -22.5 -19.0625
86.8912 89.9191 -19.0625 -15.625
89.9191 92.9469 -19.0625 -15.625
92.9469 99.0026 -22.5 -15.625
92.9469 95.9748 -22.5 -19.0625
95.9748 99.0026 -22.5 -19.0625
92.9469 95.9748 -19.0625 -15.625
95.9748 99.0026 -19.0625 -15.625
86.8912 92.9469 -15.625 -8.75
86.8912 89.9191 -15.625 -12.1875
89.9191 92.9469 -15.625 -12.1875
86.8912 89.9191 -12.1875 -8.75
89.9191 92.9469 -12.1875 -8.75
92.9469 99.0026 -15.625 -8.75
92.9469 95.9748 -15.625 -12.1875
95.9748 99.0026 -15.625 -12.1875
92.9469 95.9748 -12.1875 -8.75
95.9748 99.0026 -12.1875 -8.75
99.0026 111.114 -22.5 -8.75
99.0026 105.058 -22.5 -15.625
99.0026 102.03 -22.5 -19.0625
102.03 105.058 -22.5 -19.0625
99.0026 102.03 -19.0625 -15.625
102.03 105.058 -19.0625 -15.625
105.058 111.114 -22.5 -15.625
105.058 108.086 -22.5 -19.0625
108.086 111.114 -22.5 -19.0625
105.058 108.086 -19.0625 -15.625
108.086 111.114 -19.0625 -15.625
99.0026 105.058 -15.625 -8.75
99.0026 102.03 -15.625 -12.1875
102.03 105.058 -15.625 -12.1875
99.0026 102.03 -12.1875 -8.75
102.03 105.058 -12.1875 -8.75
105.058 111.114 -15.625 -8.75
105.058 108.086 -15.625 -12.1875
108.086 111.114 -15.625 -12.1875
105.058 108.086 -12.1875 -8.75
108.086 111.114 -12.1875 -8.75
86.8912 99.0026 -8.75 5
86.8912 92.9469 -8.75 -1.875
86.8912 89.9191 -8.75 -5.3125
89.9191 92.9469 -8.75 -5.3125
86.8912 89.9191 -5.3125 -1.875
89.9191 92.9469 -5.3125 -1.875
92.9469 99.0026 -8.75 -1.875
92.9469 95.9748 -8.75 -5.3125
95.9748 99.0026 -8.75 -5.3125
92.9469 95.9748 -5.3125 -1.875
95.9748 99.0026 -5.3125 -1.875
86.8912 92.9469 -1.875 5
86.8912 89.9191 -1.875 1.5625
89.9191 92.9469 -1.875 1.5625
86.8912 89.9191 1.5625 5
89.9191 92.9469 1.5625 5
92.9469 99.0026 -1.875 5
92.9469 95.9748 -1.875 1.5625
95.9748 99.0026 -1.875 1.5625
92.9469 95.9748 1.5625 5
95.9748 99.0026 1.5625 5
99.0026 111.114 -8.75 5
99.0026 105.058 -8.75 -1.875
99.0026 102.03 -8.75 -5.3125
102.03 105.058 -8.75 -5.3125
99.0026 102.03 -5.3125 -1.875
102.03 105.058 -5.3125 -1.875
105.058 111.114 -8.75 -1.875
105.058 108.086 -8.75 -5.3125
108.086 111.114 -8.75 -5.3125
105.058 108.086 -5.3125 -1.875
108.086 111.114 -5.3125 -1.875
99.0026 105.058 -1.875 5
99.0026 102.03 -1.875 1.5625
102.03 105.058 -1.875 1.5625
99.0026 102.03 1.5625 5
102.03 105.058 1.5625 5
105.058 111.114 -1.875 5
105.058 108.086 -1.875 1.5625
108.086 111.114 -1.875 1.5625
105.058 108.086 1.5625 5
108.086 111.114 1.5625 5
111.114 135.337 -22.5 5
111.114 123.225 -22.5 -8.75
111.114 117.17 -22.5 -15.625
111.114 114.142 -22.5 -19.0625
114.142 117.17 -22.5 -19.0625
111.114 114.142 -19.0625 -15.625
114.142 117.17 -19.0625 -15.625
117.17 123.225 -22.5 -15.625
117.17 120.198 -22.5 -19.0625
120.198 123.225 -22.5 -19.0625
117.17 120.198 -19.0625 -15.625
120.198 123.225 -19.0625 -15.625
111.114 117.17 -15.625 -8.75
111.114 114.142 -15.625 -12.1875
114.142 117.17 -15.625 -12.1875
111.114 114.142 -12.1875 -8.75
114.142 117.17 -12.1875 -8.75
117.17 123.225 -15.625 -8.75
117.17 120.198 -15.625 -12.1875
120.198 123.225 -15.625 -12.1875
117.17 120.198 -12.1875 -8.75
120.198 123.225 -12.1875 -8.75
123.225 135.337 -22.5 -8.75
123.225 129.281 -22.5 -15.625
123.225 126.253 -22.5 -19.0625
126.253 129.281 -22.5 -19.0625
123.225 126.253 -19.0625 -15.625
126.253 129.281 -19.0625 -15.625
129.281 135.337 -22.5 -15.625
129.281 132.309 -22.5 -19.0625
132.309 135.337 -22.5 -19.0625
129.281 132.309 -19.0625 -15.625
132.309 135.337 -19.0625 -15.625
123.225 129.281 -15.625 -8.75
123.225 126.253 -15.625 -12.1875
126.253 129.281 -15.625 -12.1875
123.225 126.253 -12.1875 -8.75
126.253 129.281 -12.1875 -8.75
129.281 135.337 -15.625 -8.75
129.281 132.309 -15.625 -12.1875
132.309 135.337 -15.625 -12.1875
129.281 132.309 -12.1875 -8.75
132.309 135.337 -12.1875 -8.75
111.114 123.225 -8.75 5
111.114 117.17 -8.75 -1.875
111.114 114.142 -8.75 -5.3125
114.142 117.17 -8.75 -5.3125
111.114 114.142 -5.3125 -1.875
114.142 117.17 -5.3125 -1.875
117.17 123.225 -8.75 -1.875
117.17 120.198 -8.75 -5.3125
120.198 123.225 -8.75 -5.3125
117.17 120.198 -5.3125 -1.875
120.198 123.225 -5.3125 -1.875
111.114 117.17 -1.875 5
111.114 114.142 -1.875 1.5625
114.142 117.17 -1.875 1.5625
111.114 114.142 1.5625 5
114.142 117.17 1.5625 5
117.17 123.225 -1.875 5
117.17 120.198 -1.875 1.5625
120.198 123.225 -1.875 1.5625
117.17 120.198 1.5625 5
120.198 123.225 1.5625 5
123.225 135.337 -8.75 5
123.225 129.281 -8.75 -1.875
123.225 126.253 -8.75 -5.3125
126.253 129.281 -8.75 -5.3125
123.225 126.253 -5.3125 -1.875
126.253 129.281 -5.3125 -1.875
129.281 135.337 -8.75 -1.875
129.281 132.309 -8.75 -5.3125
132.309 135.337 -8.75 -5.3125
129.281 132.309 -5.3125 -1.875
132.309 135.337 -5.3125 -1.875
123.225 129.281 -1.875 5
123.225 126.253 -1.875 1.5625
126.253 129.281 -1.875 1.5625
123.225 126.253 1.5625 5
126.253 129.281 1.5625 5
129.281 135.337 -1.875 5
129.281 132.309 -1.875 1.5625
132.309 135.337 -1.875 1.5625
129.281 132.309 1.5625 5
132.309 135.337 1.5625 5
135.337 183.782 -50 5
135.337 159.56 -50 -22.5
159.56 183.782 -50 -22.5
135.337 159.56 -22.5 5
135.337 147.448 -22.5 -8.75
135.337 141.393 -22.5 -15.625
135.337 138.365 -22.5 -19.0625
138.365 141.393 -22.5 -19.0625
135.337 138.365 -19.0625 -15.625
138.365 141.393 -19.0625 -15.625
141.393 147.448 -22.5 -15.625
135.337 141.393 -15.625 -8.75
135.337 138.365 -15.625 -12.1875
138.365 141.393 -15.625 -12.1875
135.337 138.365 -12.1875 -8.75
138.365 141.393 -12.1875 -8.75
141.393 147.448 -15.625 -8.75
141.393 144.42 -15.625 -12.1875
144.42 147.448 -15.625 -12.1875
141.393 144.42 -12.1875 -8.75
144.42 147.448 -12.1875 -8.75
147.448 159.56 -22.5 -8.75
147.448 153.504 -22.5 -15.625
153.504 159.56 -22.5 -15.625
147.448 153.504 -15.625 -8.75
147.448 150.476 -15.625 -12.1875
150.476 153.504 -15.625 -12.1875
147.448 150.476 -12.1875 -8.75
150.476 153.504 -12.1875 -8.75
153.504 159.56 -15.625 -8.75
135.337 147.448 -8.75 5
135.337 141.393 -8.75 -1.875
135.337 138.365 -8.75 -5.3125
138.365 141.393 -8.75 -5.3125
135.337 138.365 -5.3125 -1.875
138.365 141.393 -5.3125 -1.875
141.393 147.448 -8.75 -1.875
141.393 144.42 -8.75 -5.3125
144.42 147.448 -8.75 -5.3125
141.393 144.42 -5.3125 -1.875
144.42 147.448 -5.3125 -1.875
135.337 141.393 -1.875 5
135.337 138.365 -1.875 1.5625
138.365 141.393 -1.875 1.5625
135.337 138.365 1.5625 5
138.365 141.393 1.5625 5
141.393 147.448 -1.875 5
141.393 144.42 -1.875 1.5625
144.42 147.448 -1.875 1.5625
141.393 144.42 1.5625 5
144.42 147.448 1.5625 5
147.448 159.56 -8.75 5
147.448 153.504 -8.75 -1.875
147.448 150.476 -8.75 -5.3125
150.476 153.504 -8.75 -5.3125
147.448 150.476 -5.3125 -1.875
150.476 153.504 -5.3125 -1.875
153.504 159.56 -8.75 -1.875
153.504 156.532 -8.75 -5.3125
156.532 159.56 -8.75 -5.3125
153.504 156.532 -5.3125 -1.875
156.532 159.56 -5.3125 -1.875
147.448 153.504 -1.875 5
147.448 150.476 -1.875 1.5625
150.476 153.504 -1.875 1.5625
147.448 150.476 1.5625 5
150.476 153.504 1.5625 5
153.504 159.56 -1.875 5
153.504 156.532 -1.875 1.5625
156.532 159.56 -1.875 1.5625
153.504 156.532 1.5625 5
156.532 159.56 1.5625 5
159.56 183.782 -22.5 5
159.56 171.671 -22.5 -8.75
171.671 183.782 -22.5 -8.75
159.56 171.671 -8.75 5
159.56 165.615 -8.75 -1.875
159.56 162.587 -8.75 -5.3125
162.587 165.615 -8.75 -5.3125
159.56 162.587 -5.3125 -1.875
162.587 165.615 -5.3125 -1.875
165.615 171.671 -8.75 -1.875
159.56 165.615 -1.875 5
159.56 162.587 -1.875 1.5625
162.587 165.615 -1.875 1.5625
159.56 162.587 1.5625 5
162.587 165.615 1.5625 5
165.615 171.671 -1.875 5
165.615 168.643 -1.875 1.5625
168.643 171.671 -1.875 1.5625
165.615 168.643 1.5625 5
168.643 171.671 1.5625 5
171.671 183.782 -8.75 5
86.8912 135.337 5 60
86.8912 111.114 5 32.5
86.8912 99.0026 5 18.75
86.8912 92.9469 5 11.875
86.8912 89.9191 5 8.4375
89.9191 92.9469 5 8.4375
86.8912 89.9191 8.4375 11.875
89.9191 92.9469 8.4375 11.875
92.9469 99.0026 5 11.875
92.9469 95.9748 5 8.4375
95.9748 99.0026 5 8.4375
92.9469 95.9748 8.4375 11.875
95.9748 99.0026 8.4375 11.875
86.8912 92.9469 11.875 18.75
86.8912 89.9191 11.875 15.3125
89.9191 92.9469 11.875 15.3125
86.8912 89.9191 15.3125 18.75
89.9191 92.9469 15.3125 18.75
92.9469 99.0026 11.875 18.75
92.9469 95.9748 11.875 15.3125
95.9748 99.0026 11.875 15.3125
92.9469 95.9748 15.3125 18.75
95.9748 99.0026 15.3125 18.75
99.0026 111.114 5 18.75
99.0026 105.058 5 11.875
99.0026 102.03 5 8.4375
102.03 105.058 5 8.4375
99.0026 102.03 8.4375 11.875
102.03 105.058 8.4375 11.875
105.058 111.114 5 11.875
105.058 108.086 5 8.4375
108.086 111.114 5 8.4375
105.058 108.086 8.4375 11.875
108.086 111.114 8.4375 11.875
99.0026 105.058 11.875 18.75
99.0026 102.03 11.875 15.3125
102.03 105.058 11.875 15.3125
99.0026 102.03 15.3125 18.75
102.03 105.058 15.3125 18.75
105.058 111.114 11.875 18.75
105.058 108.086 11.875 15.3125
108.086 111.114 11.875 15.3125
105.058 108.086 15.3125 18.75
108.086 111.114 15.3125 18.75
86.8912 99.0026 18.75 32.5
86.8912 92.9469 18.75 25.625
86.8912 89.9191 18.75 22.1875
89.9191 92.9469 18.75 22.1875
86.8912 89.9191 22.1875 25.625
89.9191 92.9469 22.1875 25.625
92.9469 99.0026 18.75 25.625
92.9469 95.9748 18.75 22.1875
95.9748 99.0026 18.75 22.1875
92.9469 95.9748 22.1875 25.625
95.9748 99.0026 22.1875 25.625
86.8912 92.9469 25.625 32.5
86.8912 89.9191 25.625 29.0625
89.9191 92.9469 25.625 29.0625
86.8912 89.9191 29.0625 32.5
89.9191 92.9469 29.0625 32.5
92.9469 99.0026 25.625 32.5
92.9469 95.9748 25.625 29.0625
95.9748 99.0026 25.625 29.0625
92.9469 95.9748 29.0625 32.5
95.9748 99.0026 29.0625 32.5
99.0026 111.114 18.75 32.5
99.0026 105.058 18.75 25.625
99.0026 102.03 18.75 22.1875
102.03 105.058 18.75 22.1875
99.0026 102.03 22.1875 25.625
102.03 105.058 22.1875 25.625
105.058 111.114 18.75 25.625
105.058 108.086 18.75 22.1875
108.086 111.114 18.75 22.1875
105.058 108.086 22.1875 25.625
108.086 111.114 22.1875 25.625
99.0026 105.058 25.625 32.5
99.0026 102.03 25.625 29.0625
102.03 105.058 25.625 29.0625
99.0026 102.03 29.0625 32.5
102.03 105.058 29.0625 32.5
105.058 111.114 25.625 32.5
105.058 108.086 25.625 29.0625
108.086 111.114 25.625 29.0625
105.058 108.086 29.0625 32.5
108.086 111.114 29.0625 32.5
111.114 135.337 5 32.5
111.114 123.225 5 18.75
111.114 117.17 5 11.875
111.114 114.142 5 8.4375
114.142 117.17 5 8.4375
111.114 114.142 8.4375 11.875
114.142 117.17 8.4375 11.875
117.17 123.225 5 11.875
117.17 120.198 5 8.4375
120.198 123.225 5 8.4375
117.17 120.198 8.4375 11.875
120.198 123.225 8.4375 11.875
111.114 117.17 11.875 18.75
111.114 114.142 11.875 15.3125
114.142 117.17 11.875 15.3125
111.114 114.142 15.3125 18.75
114.142 117.17 15.3125 18.75
117.17 123.225 11.875 18.75
117.17 120.198 11.875 15.3125
120.198 123.225 11.875 15.3125
117.17 120.198 15.3125 18.75
120.198 123.225 15.3125 18.75
123.225 135.337 5 18.75
123.225 129.281 5 11.875
123.225 126.253 5 8.4375
126.253 129.281 5 8.4375
123.225 126.253 8.4375 11.875
126.253 129.281 8.4375 11.875
129.281 135.337 5 11.875
129.281 132.309 5 8.4375
132.309 135.337 5 8.4375
129.281 132.309 8.4375 11.875
132.309 135.337 8.4375 11.875
123.225 129.281 11.875 18.75
123.225 126.253 11.875 15.3125
126.253 129.281 11.875 15.3125
123.225 126.253 15.3125 18.75
126.253 129.281 15.3125 18.75
129.281 135.337 11.875 18.75
129.281 132.309 11.875 15.3125
132.309 135.337 11.875 15.3125
129.281 132.309 15.3125 18.75
132.309 135.337 15.3125 18.75
111.114 123.225 18.75 32.5
111.114 117.17 18.75 25.625
111.114 114.142 18.75 22.1875
114.142 117.17 18.75 22.1875
111.114 114.142 22.1875 25.625
114.142 117.17 22.1875 25.625
117.17 123.225 18.75 25.625
117.17 120.198 18.75 22.1875
120.198 123.225 18.75 22.1875
117.17 120.198 22.1875 25.625
120.198 123.225 22.1875 25.625
111.114 117.17 25.625 32.5
111.114 114.142 25.625 29.0625
114.142 117.17 25.625 29.0625
111.114 114.142 29.0625 32.5
114.142 117.17 29.0625 32.5
117.17 123.225 25.625 32.5
117.17 120.198 25.625 29.0625
120.198 123.225 25.625 29.0625
117.17 120.198 29.0625 32.5
120.198 123.225 29.0625 32.5
123.225 135.337 18.75 32.5
123.225 129.281 18.75 25.625
123.225 126.253 18.75 22.1875
126.253 129.281 18.75 22.1875
123.225 126.253 22.1875 25.625
126.253 129.281 22.1875 25.625
129.281 135.337 18.75 25.625
129.281 132.309 18.75 22.1875
132.309 135.337 18.75 22.1875
129.281 132.309 22.1875 25.625
132.309 135.337 22.1875 25.625
123.225 129.281 25.625 32.5
129.281 135.337 25.625 32.5
86.8912 111.114 32.5 60
86.8912 99.0026 32.5 46.25
86.8912 92.9469 32.5 39.375
86.8912 89.9191 32.5 35.9375
89.9191 92.9469 32.5 35.9375
86.8912 89.9191 35.9375 39.375
89.9191 92.9469 35.9375 39.375
92.9469 99.0026 32.5 39.375
92.9469 95.9748 32.5 35.9375
95.9748 99.0026 32.5 35.9375
92.9469 95.9748 35.9375 39.375
95.9748 99.0026 35.9375 39.375
86.8912 92.9469 39.375 46.25
86.8912 89.9191 39.375 42.8125
89.9191 92.9469 39.375 42.8125
86.8912 89.9191 42.8125 46.25
89.9191 92.9469 42.8125 46.25
92.9469 99.0026 39.375 46.25
92.9469 95.9748 39.375 42.8125
95.9748 99.0026 39.375 42.8125
92.9469 95.9748 42.8125 46.25
95.9748 99.0026 42.8125 46.25
99.0026 111.114 32.5 46.25
99.0026 105.058 32.5 39.375
99.0026 102.03 32.5 35.9375
102.03 105.058 32.5 35.9375
99.0026 102.03 35.9375 39.375
102.03 105.058 35.9375 39.375
105.058 111.114 32.5 39.375
105.058 108.086 32.5 35.9375
108.086 111.114 32.5 35.9375
105.058 108.086 35.9375 39.375
108.086 111.114 35.9375 39.375
99.0026 105.058 39.375 46.25
105.058 111.114 39.375 46.25
86.8912 99.0026 46.25 60
99.0026 111.114 46.25 60
111.114 135.337 32.5 60
135.337 183.782 5 60
135.337 159.56 5 32.5
135.337 147.448 5 18.75
135.337 141.393 5 11.875
135.337 138.365 5 8.4375
138.365 141.393 5 8.4375
135.337 138.365 8.4375 11.875
138.365 141.393 8.4375 11.875
141.393 147.448 5 11.875
141.393 144.42 5 8.4375
144.42 147.448 5 8.4375
141.393 144.42 8.4375 11.875
144.42 147.448 8.4375 11.875
135.337 141.393 11.875 18.75
135.337 138.365 11.875 15.3125
138.365 141.393 11.875 15.3125
135.337 138.365 15.3125 18.75
138.365 141.393 15.3125 18.75
141.393 147.448 11.875 18.75
141.393 144.42 11.875 15.3125
144.42 147.448 11.875 15.3125
141.393 144.42 15.3125 18.75
144.42 147.448 15.3125 18.75
147.448 159.56 5 18.75
147.448 153.504 5 11.875
147.448 150.476 5 8.4375
150.476 153.504 5 8.4375
147.448 150.476 8.4375 11.875
150.476 153.504 8.4375 11.875
153.504 159.56 5 11.875
153.504 156.532 5 8.4375
156.532 159.56 5 8.4375
153.504 156.532 8.4375 11.875
156.532 159.56 8.4375 11.875
147.448 153.504 11.875 18.75
153.504 159.56 11.875 18.75
135.337 147.448 18.75 32.5
147.448 159.56 18.75 32.5
159.56 183.782 5 32.5
135.337 159.56 32.5 60
159.56 183.782 32.5 60
